"","F UN Equity","HOG UN Equity","JCI UN Equity","CMA UN Equity","ZION UW Equity","PNC UN Equity","AME UN Equity","SWK UN Equity","PWR UN Equity","RSG UN Equity","WM UN Equity","CTAS UW Equity","HAR UN Equity","LEG UN Equity","MHK UN Equity","YUM UN Equity","RCL UN Equity","MCD UN Equity","GS UN Equity","NTRS UW Equity","BLK UN Equity","TSO UN Equity","APC UN Equity","WMB UN Equity","CVS UN Equity","COST UW Equity","WFM UW Equity","HSY UN Equity","BF/B UN Equity","TAP UN Equity","ABC UN Equity","EW UN Equity","BAX UN Equity","EL UN Equity","PG UN Equity","KMB UN Equity","UNM UN Equity","XL UN Equity","MMC UN Equity","FMC UN Equity","PX UN Equity","SEE UN Equity","CMCSA UW Equity","TWX UN Equity","IPG UN Equity","ILMN UW Equity","MRK UN Equity","AGN UN Equity","EQR UN Equity","BXP UN Equity","CCI UN Equity","TSCO UW Equity","GME UN Equity","KMX UN Equity","SWKS UW Equity","MCHP UW Equity","INTC UW Equity","SYMC UW Equity","VRSN UW Equity","ATVI UW Equity","FFIV UW Equity","NTAP UW Equity","CSCO UW Equity","T UN Equity","VZ UN Equity","CTL UN Equity","R UN Equity","LUV UN Equity","UNP UN Equity","CNP UN Equity","TE UN Equity","AEP UN Equity"
"F UN Equity",1,0.0779994944454733,0.230279711147023,0.117000954586342,0.0672967391977735,0.160099376353608,0.0983534866384069,0.0428642214768212,0.0486800495535778,0.0465360933200871,0.118898681212694,0.108445919534615,0.0723495264125214,0.040909500119066,0.120764642705602,0.078546389394628,0.0923872021413134,0.0881866004863152,0.129325733421405,0.115632266860118,0.0161471007565574,0.0117620269916488,0.020065974737674,0.0215326277581694,0.0779192557277848,0.0842941753474366,0.0590582126660065,0.0590878091352289,0.0334178040059953,0.0193915324742047,0.036264432183252,0.0533456909520977,0.104148531571536,0.0408285717207074,0.0957283706643886,0.0796997208737218,0.0482603030389353,0.120076935780722,0.0503067600591524,0.103821660306814,0.192061871445315,0.078122581960638,0.103866316132612,0.0897161107293262,0.0208357825299839,0.0332768107755196,0.00395896268713383,0.0227745024766028,0.0655151629325073,0.0273418831303605,0.0483743411952165,0.0572560665784156,0.0156275762398907,0.0943746903527283,0.082392781014907,0.0481393860463557,0.0992370871067528,0.0373062244829826,0.0963425417150992,0.0067141098404406,0.0335867121697649,0.051764377477547,0.0928032410257407,0.0986451372242873,0.0788609974302626,0.0701121913423953,0.0978433937662392,0.0741888993161322,0.0992178255866775,0.0620988013037837,0.0323644223672069,0.0354001192572823
"HOG UN Equity",0.0779994944454733,1,0.0810791008727949,0.122935344527512,0.0733752714741999,0.113068190951797,0.0737314040562248,0.0680459057979371,0.0716684994927813,0.0511326135185739,0.0950860788580203,0.0710726864540885,0.0878118639618217,0.0776362262754161,0.0723014961658105,0.0492388356714346,0.060177603410753,0.0479458912809983,0.111243891285503,0.133500820268166,0.0350796354148528,0.0729595485576394,0.0594099653044033,0.068168239349041,0.0622611244850489,0.0604814210295379,0.0477708512460794,0.0323614429829188,0.0563403555204682,0.0280448064893315,0.0108952235084537,0.0331687014089427,0.0508542308081069,0.0419352738768397,0.0778937937923628,0.0786942309212243,0.0455154721219699,0.0608352665913137,0.0477236662769683,0.0599751297505437,0.196693865324146,0.143909216557448,0.0639362836790034,0.0891749609944253,0.0195430953903077,0.048864137481298,5.18657407282655e-06,0.0141045081828845,0.0553121954163495,0.0170021398416167,0.0235042430735856,0.0925985253303545,0.0609449549105007,0.0642156985151578,0.0513616319247832,0.0401122218136777,0.0328501330937433,0.0349095740920793,0.0508163532981706,0.0354426595555265,0.0374561215226008,0.045521880778684,0.0596888358462108,0.0877603959984471,0.0985520861723426,0.0736953538962217,0.110707774813066,0.0825537517666756,0.109286847607319,0.0369713730490284,0.0414061820380603,0.0414317109318226
"JCI UN Equity",0.230279711147023,0.0810791008727949,1,0.143892873952868,0.0861807948895058,0.16887673387984,0.125871853546078,0.114735736182175,0.0317948804797795,0.0742468581236388,0.0779600617511788,0.105689681272359,0.184057443329844,0.072978499643913,0.129543825724862,0.0758153514403113,0.0719136130255599,0.0551683920218697,0.11332503030309,0.151032791556392,0.0667714654483696,0.0201893536507209,0.027303477071467,0.0368748974635615,0.0830938915993052,0.112543112104741,0.0431500361503808,0.0415908386926928,0.0244319540393099,0.0138742377377016,0.0320616854481237,0.0671650403181095,0.0447938503082893,0.02043243467554,0.0523029619214405,0.0372357826826826,0.0305654791533368,0.0699266760054008,0.0456543246159548,0.100857800130536,0.2136652214337,0.133650304169247,0.090619487363147,0.0635393169463917,0.0304529658295773,0.0247570243015339,0.00348367898939139,0.0412980431121863,0.0798204816704847,0.0227852765122896,0.0385566371890016,0.069410227540154,0.077916474820012,0.100782482636089,0.0441853307248518,0.038757082514394,0.0914769582396205,0.0396476020296663,0.0722457982332391,0.0188278902391907,0.0759088656050084,0.0487878854937017,0.082630516078367,0.0798818651711434,0.0364802703276546,0.0652757383681097,0.154317366995369,0.0888583010311818,0.140593580272348,0.06930794332799,0.0384186731820288,0.0464836479949748
"CMA UN Equity",0.117000954586342,0.122935344527512,0.143892873952868,1,0.220566338261638,0.345354400858227,0.0405079524108194,0.101821019332875,0.0935525873544289,0.0897808113264424,0.118617209367849,0.117076894410079,0.0661630518657186,0.079443103020362,0.139301436996774,0.0655394822407073,0.0690650917842035,0.0819902266232988,0.244394668276448,0.292475841672159,0.0615977713368676,0.0132748387471396,0.0186871345989171,0.0257822722387718,0.104628670920516,0.0925563680939141,0.0582197926628294,0.0674080804586664,0.0832471915456183,0.0301838518090289,0.0577023331108598,0.0427903769453381,0.091793749232,0.0352578800601372,0.107870897067775,0.118663583830999,0.0451526206904658,0.107990093537446,0.0139403522434077,0.0675243488188246,0.239854592366851,0.141207741574347,0.0898042460867869,0.112199012109158,0.00927387210245563,0.0795775072958037,0.00481027656734288,0.0237279490770985,0.244343327193518,0.150222958046465,0.0301094238347594,0.0635333401791952,0.049955656183326,0.0874100373860189,0.0739468875092952,0.0695663310663691,0.0757062712988901,0.0770771933797597,0.101382653821809,0.0259981177634047,0.0288030187500735,0.0998821888648687,0.085710312041416,0.131836098341868,0.133001287182476,0.0723294678503383,0.136391342959851,0.130230198817319,0.165853373691715,0.160119567501684,0.12930246617313,0.186627315126675
"ZION UW Equity",0.0672967391977735,0.0733752714741999,0.0861807948895058,0.220566338261638,1,0.244215984661075,0.131431728269129,0.0699504619510499,0.0822374109231001,0.0977638739535349,0.092911930641907,0.114283081960555,0.0948331865013576,0.0689178971685128,0.119281224416115,0.0640230598009741,0.0499144347171459,0.0798768680981383,0.16620253891942,0.270904460471794,0.0289290002488399,0.0554619789737753,0.0694156651071908,0.0531816812478349,0.109080789064962,0.0786191218176634,0.082402700838536,0.0826432221639625,0.110781355643692,0.0373249098861654,0.0256344772201442,0.0611694425549744,0.104253757976343,0.0135261985033281,0.0990750390233913,0.0994154212028081,0.047367909919352,0.0877164992463988,0.0124663570968262,0.0621848126092459,0.198106057469586,0.15048519652184,0.0579873921557954,0.066978228980673,0.0302530924353175,0.0549833183004773,0.0168858373764209,0.0202669918641912,0.113472713711056,0.0776059885743929,0.0199357663798943,0.0871135330166913,0.0739064117497777,0.0537760064634518,0.0333236163009067,0.0470433542175624,0.0673894713750723,0.0464314591150924,0.0708269920452783,0.0394384363584465,0.0239073699316478,0.0783461805646888,0.0716970701483534,0.0666641583793291,0.0788171237557876,0.0675106447514296,0.0919292085137885,0.131332089880094,0.117684894844107,0.163182610272599,0.127846406505711,0.103666333781333
"PNC UN Equity",0.160099376353608,0.113068190951797,0.16887673387984,0.345354400858227,0.244215984661075,1,0.0683837029006198,0.076393464338197,0.080228617554006,0.0942335076071805,0.101165391105807,0.165238561778299,0.136066704338008,0.132446678790689,0.184504310046761,0.0522627604291968,0.095574704050261,0.0972070363808237,0.207425970340646,0.348703861011947,0.103874482392923,0.0270751565972424,0.059549582037539,0.0350668306799885,0.127227374470241,0.140909263282018,0.0991532620213953,0.125149893673513,0.129798047992091,0.012230783074293,0.0408230503292869,0.0637462356055472,0.127532745616921,0.021707066514882,0.153638179996504,0.123206655981062,0.044955156868796,0.165370152342967,0.0400916457157744,0.0817681252419688,0.267899069450047,0.191799059309738,0.124030993197531,0.0986148291691311,0.0346083536886522,0.102253950692479,0.00366233300237449,0.0171545999466432,0.147813992378807,0.0836973538903765,0.0383549118601865,0.130280667324994,0.059174096190649,0.110254119949117,0.131168183386042,0.0872713767132727,0.1414117676053,0.0798294038431153,0.106713908366661,0.038463652195042,0.0495023978421982,0.122061344398534,0.11984206612676,0.167935392955653,0.158406325892389,0.137069326187451,0.115033479343519,0.169201208041975,0.179387513947539,0.111257449988277,0.129343250711209,0.12014145258037
"AME UN Equity",0.0983534866384069,0.0737314040562248,0.125871853546078,0.0405079524108194,0.131431728269129,0.0683837029006198,1,0.0423558972893581,0.0849142863699932,0.0641405042404578,0.0786431669692282,0.0788916344411058,0.122218840019639,0.0211976341100687,0.0801523937146907,0.0454101563533795,0.0445609528826505,0.0417402430852561,0.0585955879076699,0.0908654552535675,0.0307573223763245,0.043089515757546,0.0513475812388183,0.0322133268594293,0.0442943290806788,0.0262462989696254,0.0372405628520666,0.089643221914097,0.0198008358533625,0.0179818417622666,0.00999149402883591,0.0703132356157676,0.0575146443524617,0.02235925195733,0.0407989318046292,0.0306014223291796,0.0570266899692887,0.0468562057702341,0.0285730703076751,0.0868887550616031,0.153157464979935,0.0855487070783646,0.0498300315730544,0.0621075728703655,0.0379817793204793,0.0395125677235386,0.0172240325511237,0.0162241057691631,0.0392689963167137,0.0156891859454041,0.0152101514799013,0.135931664002544,0.0845773900017577,0.0407741175931486,0.0954206494366994,0.0947409896771762,0.110525082266986,0.0368259280179905,0.10598256296662,0.0563886526975118,0.0398251653720332,0.0890460628586192,0.142729312727851,0.0240244564912906,0.00965272326335648,0.0741092606001125,0.0977655958023421,0.0741423634607534,0.0814576695680964,0.0529798189998277,0.0522727524282342,0.0588420285363947
"SWK UN Equity",0.0428642214768212,0.0680459057979371,0.114735736182175,0.101821019332875,0.0699504619510499,0.076393464338197,0.0423558972893581,1,0.0283781679125582,0.0684845267240003,0.0642550397329177,0.0663201381071319,0.0908119094048398,0.0630777343064603,0.0697357332130406,0.0460782444620182,0.034906975136043,0.0301199498697588,0.106125003502184,0.200346489946655,0.0339708339525694,0.0245177364171974,0.0269840879697224,0.0354328367550363,0.0377571278736056,0.0434512430195035,0.0481408672690074,0.0265671249459838,0.0337439763629682,0.107114237590774,0.0432569889960626,0.0228939012723315,0.0548947480746055,0.0577474787379649,0.017734488174334,0.0614110313816571,0.0013984034184927,0.047372548841558,0.0116406235439658,0.0620792722256143,0.144617549011874,0.107827117148417,0.0237583623670557,0.0702718307422114,0.02334260050974,0.0219607090198199,5.39511811877798e-05,0.0121617388970645,0.0635803477718794,0.0429665292424637,0.0103407813245001,0.0631452885522657,0.0072160701285894,0.0636017054911874,0.0760134062201794,0.0294853954600753,0.0544479453185498,0.0191341040018347,0.022380121503772,0.0244460098527124,0.0347386882224609,0.0573232942923154,0.0579804703084911,0.0314285814736837,0.0347799969700951,0.0613470232286122,0.0814559232379889,0.0882616325288975,0.123997036456722,0.0603277638674756,0.0302684661920619,0.0591535333552264
"PWR UN Equity",0.0486800495535778,0.0716684994927813,0.0317948804797795,0.0935525873544289,0.0822374109231001,0.080228617554006,0.0849142863699932,0.0283781679125582,1,0.0343653116730943,0.0410275144320214,0.122928765165682,0.0587687499837814,0.0734038738762119,0.123618259784134,0.0620573977287424,0.116165666348781,0.0339896132922487,0.128084699217843,0.120140679598459,0.00441304624810205,0.0396351207532218,0.0393171792113629,0.0355645014793244,0.0377150058624925,0.0212513677086327,0.0739086300118812,0.0305569722614753,0.0390147780291049,0.00562288092909393,0.0161681566771993,0.0318577649538673,0.0492634130820212,0.013659718170429,0.025435838344269,0.0107034989488006,0.0104754675738374,0.0349502714188374,6.1866666708833e-05,0.0888701440684258,0.152583239549109,0.100186783075266,0.0230979228785003,0.047585079389985,0.0319973121369924,0.0691512244656685,0.00434214723647434,0.0134106067724824,0.0325970110321503,0.0171976877453935,0.0948065687527453,0.145864782526881,0.062848563189892,0.0497389450822516,0.122181213873905,0.087695241671609,0.0810768509888311,0.0526186439729544,0.110310836819287,0.0563916203266441,0.0956741974321185,0.112550193995628,0.145081363348624,0.0459314788233586,0.0620677540771495,0.030884172284064,0.108665302177439,0.118222712601022,0.0680240886353464,0.0860713014871084,0.0746101905694676,0.0362887976849863
"RSG UN Equity",0.0465360933200871,0.0511326135185739,0.0742468581236388,0.0897808113264424,0.0977638739535349,0.0942335076071805,0.0641405042404578,0.0684845267240003,0.0343653116730943,1,0.233223927695208,0.0849398100273573,0.0574653991867148,0.0506986323510638,0.056257852633921,0.0495706150143312,0.0124710417151408,0.0236633745688097,0.0975441196312887,0.132344249146523,0.0142002439452467,0.0404664133079662,0.0244078847337552,0.00858738817339061,0.0404645958529551,0.0552528439503061,0.0760624408227327,0.0403131283155375,0.0422818353847608,0.0273044409234429,0.0175707835119486,0.040857225051715,0.0304949080256485,0.0445621257850826,0.0250559253082977,0.0407300511986855,0.0442434019568372,0.0907081539324237,0.0137064082953117,0.0432598070564868,0.134691839428269,0.0821626077125978,0.0736658111346939,0.0234593632318067,0.00518143885873393,0.0524450498386842,0.000527459834567987,0.000609044925695825,0.0249028798912508,0.0104741735454112,0.00391101950745631,0.0515516000210349,0.0416537408820006,0.0334239595135113,0.0374762443737526,0.0520656284181477,0.0475430700317835,0.0368299751667097,0.0279917295541632,0.0403211625689428,0.0187155222538255,0.0906980013828188,0.0805915836983197,0.0547341254704411,0.0262945221081337,0.0269924954392909,0.0745013120578966,0.0291980273055391,0.0581397366986958,0.0625222392552475,0.0375808896119678,0.0389008628950994
"WM UN Equity",0.118898681212694,0.0950860788580203,0.0779600617511788,0.118617209367849,0.092911930641907,0.101165391105807,0.0786431669692282,0.0642550397329177,0.0410275144320214,0.233223927695208,1,0.136447622798125,0.0567451780333342,0.0357930444800765,0.0724361352344109,0.0757250406764587,0.0304281136531292,0.0350179865036043,0.1372430559737,0.152387481570997,0.0529023005139919,0.0118179455746778,0.0158688827805552,0.00815436280219602,0.0631081559717471,0.0565174961506225,0.0788880182762805,0.117467339802256,0.0710175833375375,0.0352309224052254,0.0241850940196486,0.0773360696849625,0.0600343145636852,0.0593570955356789,0.0929205544700827,0.1267609371145,0.0601876056312637,0.107800879849803,0.0235972637846306,0.0449470719077782,0.208560391318647,0.109686913338761,0.141533456422336,0.0688922717833487,0.0141245419449119,0.0301110216070424,0.00259075293121199,0.0105433535738574,0.062643346848182,0.0382416656706914,0.0309106720271101,0.0885658283996197,0.0625417463069414,0.0502012978922208,0.0236359846081126,0.0524302413440151,0.106438207139736,0.0323952811430921,0.0346281512910342,0.0265369935154564,0.0391823644989544,0.0480764120869148,0.118091240871132,0.0949917209005132,0.0736528518189111,0.0213895852018645,0.0916425498280294,0.103789307649236,0.0716595292462505,0.080662951785557,0.0355977900994855,0.0497229207691977
"CTAS UW Equity",0.108445919534615,0.0710726864540885,0.105689681272359,0.117076894410079,0.114283081960555,0.165238561778299,0.0788916344411058,0.0663201381071319,0.122928765165682,0.0849398100273573,0.136447622798125,1,0.0772940112882138,0.0545663829634356,0.163662011198829,0.0716481318518308,0.0503717734212413,0.0643901344074301,0.188153186695687,0.264129207668161,0.0524284118365175,0.0324940697868185,0.037597927211298,0.0392842216723419,0.196555116629498,0.0822578340608967,0.155430138472138,0.0907819386176257,0.0900200815158981,0.0186811139440575,0.076828150200082,0.0661314812767776,0.106259992339314,0.0938307384471831,0.168746438382236,0.171115380306243,0.0251348181380184,0.0904471978656351,0.0287383341495232,0.0539551879837,0.181990724713717,0.0653866589504758,0.112221115129805,0.0961123044002539,0.0380532469769004,0.0529977610796091,0.0336679330183371,0.0288495320950914,0.0717934151860199,0.0227534078434739,0.0478925989265604,0.154673275892933,0.084289722126543,0.0859527293082744,0.119696155078768,0.145514561033365,0.196365027529803,0.0600285331228053,0.102904882541742,0.0524141285307517,0.0633451093922703,0.179862868824032,0.150056393676609,0.0864409579486571,0.104220378940875,0.111005399962067,0.193209341786132,0.183653635760865,0.0868336970238761,0.0521584351642165,0.052304261588349,0.070647138948087
"HAR UN Equity",0.0723495264125214,0.0878118639618217,0.184057443329844,0.0661630518657186,0.0948331865013576,0.136066704338008,0.122218840019639,0.0908119094048398,0.0587687499837814,0.0574653991867148,0.0567451780333342,0.0772940112882138,1,0.0431407639001819,0.12888129832549,0.0639340225702908,0.0714726518697854,0.0520320653695765,0.101970328141481,0.14646157574057,0.0353013026935961,0.03341025747519,0.0390507216848535,0.0558499425810789,0.0629841336375965,0.128260264695747,0.0660509554451327,0.0242694625066468,0.0225792299170178,0.0149832547871219,0.0247867437911248,0.070933883751802,0.0425071102645202,0.0734470913315435,0.0319036595978265,0.047402666690152,0.0227058386538207,0.0351047007984492,0.0109625811050298,0.0372094998915047,0.12447184422771,0.118302243318203,0.0552258466081154,0.0748801007776872,0.0421287255905324,0.0367806050262906,0.0140851587512397,0.0500244184580921,0.0463665254356826,0.0347247737331944,0.0525612101930202,0.0926251099713511,0.0498212513682046,0.0521419748932025,0.103612817382934,0.084051808723036,0.0666640956919461,0.0441646893446831,0.0523908588791982,0.057460590955742,0.114799779450128,0.103151345278918,0.0756936456188696,0.0493943610434367,0.0336312781090721,0.0110221572109233,0.121258463412706,0.130462391690322,0.105786263186444,0.0648392438626232,0.0365127205125497,0.0493694193496616
"LEG UN Equity",0.040909500119066,0.0776362262754161,0.072978499643913,0.079443103020362,0.0689178971685128,0.132446678790689,0.0211976341100687,0.0630777343064603,0.0734038738762119,0.0506986323510638,0.0357930444800765,0.0545663829634356,0.0431407639001819,1,0.1326272963732,0.0387205650513981,0.111239912538952,0.0289390736331106,0.0902433919153612,0.0755308884998034,0.0528104236327762,0.0426478044516019,0.0440200254136276,0.0532751251397672,0.0521051814619615,0.0346958960277302,0.0492681421954269,0.0391529419169334,0.0369967805778555,0.0222527490050493,0.0294756326189469,0.0211238815046396,0.0334147802458121,0.0138560598965369,0.0146200732470902,0.0619245725459343,0.00871742369666824,0.0180541158366736,0.00316582205916307,0.050623711585808,0.116145987989503,0.0867385990066006,0.052343443499659,0.0503848639010509,0.00805331803867044,0.0434984130536035,0.0063432080683071,0.0227674814244139,0.0251669619882543,0.059081378413581,0.0378224975323064,0.0546576450088015,0.0106899023134922,0.0132695148555395,0.0597880410865938,0.0368347233744634,0.0277755796713086,0.0452153901662283,0.0892940629155049,0.0388726117404004,0.042484517916024,0.0465785478427044,0.0500672131642908,0.036842447279803,0.0320829560017252,0.051890752124147,0.10029553191005,0.0485166542693693,0.0567034714012736,0.0751045581500521,0.0498059590008862,0.0735232625232888
"MHK UN Equity",0.120764642705602,0.0723014961658105,0.129543825724862,0.139301436996774,0.119281224416115,0.184504310046761,0.0801523937146907,0.0697357332130406,0.123618259784134,0.056257852633921,0.0724361352344109,0.163662011198829,0.12888129832549,0.1326272963732,1,0.0529903895347635,0.0735540974273169,0.0374569751493611,0.158838416036935,0.195285927558462,0.0655214999901526,0.0314396068350949,0.0499677003309887,0.0514449729444298,0.132642755246001,0.0542727138790936,0.0645976067283602,0.0689099017779198,0.0626880816648722,0.017008640586038,0.0392915032978582,0.0492833971650182,0.0464226768867238,0.0161373997682169,0.0737713140640215,0.0651963218845879,0.00978718834906123,0.043942262138855,0.0289744516952944,0.124669755511918,0.170754374057304,0.124831268011912,0.0561002951619196,0.0906131019043417,0.0296950347196561,0.0537111351279842,0.0119483112106004,0.0212316438617175,0.112399631246692,0.0804221529680726,0.0287626248561213,0.165601546697139,0.0564410962947545,0.109793914395335,0.100890249679288,0.116183571309424,0.0869535168065955,0.0857189028688941,0.187336368455237,0.0482438102397383,0.0993357252284539,0.13252200030411,0.0871859020375141,0.0269424016360222,0.0404459845290924,0.0542494241583548,0.13695809104789,0.123684648176071,0.13529549273291,0.105937809909675,0.0757613519040023,0.141312701161959
"YUM UN Equity",0.078546389394628,0.0492388356714346,0.0758153514403113,0.0655394822407073,0.0640230598009741,0.0522627604291968,0.0454101563533795,0.0460782444620182,0.0620573977287424,0.0495706150143312,0.0757250406764587,0.0716481318518308,0.0639340225702908,0.0387205650513981,0.0529903895347635,1,0.0363169030874414,0.197856435670751,0.0561560068043276,0.0811290172289422,0.0220617609971229,0.00974710643750699,0.0129206932103096,0.0231802997235437,0.0913523028290395,0.0714898446010813,0.0497629979287929,0.0612051906016974,0.00990054439625913,0.0203953638658757,0.00787137734581871,0.0326487123184576,0.0216147571635914,0.0303059990387484,0.0523336553324486,0.044039558125008,0.0163294765620185,0.0226967711595668,0.00245702436606297,0.0572867579075112,0.132452139800885,0.0949972243035761,0.0629941422280989,0.0342836333027764,0.0315740752155232,0.0318775040300991,0.00305337574079907,0.00860261087875746,0.038326311636499,0.0213507332085425,0.0486855318712332,0.0762345515236651,0.0284681675224223,0.0426583519347566,0.0274431977659236,0.0283777225436557,0.0284844746423015,0.0319703062049639,0.0260163082758709,0.0390442339094698,0.0542917411751124,0.051084393235241,0.0392555069166726,0.018957731471758,0.0196748777900348,0.0531667459603959,0.123216149032985,0.0351588714988009,0.0673618147537604,0.0409846870205555,0.0444359770191405,0.0229117664660423
"RCL UN Equity",0.0923872021413134,0.060177603410753,0.0719136130255599,0.0690650917842035,0.0499144347171459,0.095574704050261,0.0445609528826505,0.034906975136043,0.116165666348781,0.0124710417151408,0.0304281136531292,0.0503717734212413,0.0714726518697854,0.111239912538952,0.0735540974273169,0.0363169030874414,1,0.042197724495802,0.0740616082726465,0.0662586154534038,0.0255637120082409,0.0273651911663165,0.0544304039602521,0.0424246129895464,0.0446821978237763,0.0504708197964497,0.0643446920797368,0.0246407591888637,0.00709123071631694,0.0152971375965773,0.00341719635297281,0.0557521753013466,0.0512529893672071,0.00385445039489318,0.0538726195712144,0.0479636586753244,0.0078727944822426,0.0293695738205912,0.0021437272432907,0.0834112089712074,0.155145646597893,0.0661177952496207,0.031898770682409,0.0779055025825692,0.0212321489957124,0.0388067859360961,0.010388691500521,0.0211152098359804,0.0542033338921043,0.0374997650219673,0.0928023254031858,0.0610898222903117,0.0468585992084329,0.041663142886474,0.0304275373838589,0.0328414653444897,0.0493767908481307,0.0149823836817269,0.040989521379148,0.0213613925980855,0.0211573169529757,0.0439847730624389,0.0473604857902063,0.0488021841393682,0.0724518002427773,0.0740982404806745,0.0931032369166691,0.0928629847098542,0.117537911343926,0.0426861200088692,0.0771782423835087,0.0539101012697027
"MCD UN Equity",0.0881866004863152,0.0479458912809983,0.0551683920218697,0.0819902266232988,0.0798768680981383,0.0972070363808237,0.0417402430852561,0.0301199498697588,0.0339896132922487,0.0236633745688097,0.0350179865036043,0.0643901344074301,0.0520320653695765,0.0289390736331106,0.0374569751493611,0.197856435670751,0.042197724495802,1,0.0734702839947561,0.105778326087083,0.0299689398948958,0.00192466017801568,0.0209547003942599,0.0141559079692733,0.0817081812331649,0.0585470056820549,0.0374522800653677,0.0680270110273813,0.0407950442574674,0.0296578765933022,0.0247440998680196,0.0526691217527225,0.0794792861156559,0.00707873046337846,0.0872061235140508,0.0688858297196512,0.00629435276174416,0.0332556157893533,0.0229530076216793,0.0337863200704744,0.0894648200706455,0.0393963053584856,0.0474028184680861,0.058407178036935,0.0454732029493665,0.0263132081204123,0.00543326041350719,0.0357968607870366,0.0501044847058652,0.0176631898871536,0.0257478254523615,0.101661398712831,0.0316169331101868,0.0404148198762787,0.0195985564583079,0.0168707908244141,0.0156634457617789,0.023117472237113,0.0162898284827198,0.0155733050849425,0.0114381214403616,0.0527384457414717,0.038270424183434,0.030024713201486,0.0369064497448491,0.0500033648286054,0.0718573582089095,0.0366463118722916,0.0465083561799558,0.0622587502396509,0.0450331443650682,0.0416958231435101
"GS UN Equity",0.129325733421405,0.111243891285503,0.11332503030309,0.244394668276448,0.16620253891942,0.207425970340646,0.0585955879076699,0.106125003502184,0.128084699217843,0.0975441196312887,0.1372430559737,0.188153186695687,0.101970328141481,0.0902433919153612,0.158838416036935,0.0561560068043276,0.0740616082726465,0.0734702839947561,1,0.335825415000603,0.054911802638955,0.0489835503249493,0.048358519375717,0.0433705314947876,0.0757725761461596,0.0572333263095865,0.0823781459458201,0.0482961624085506,0.0555045241333408,0.0192670664300627,0.0500694805978766,0.0361763730509805,0.0606978302030503,0.0527994907884124,0.0786696374006119,0.0751479129100874,0.0146637504039609,0.0693543588226624,0.0441717474442261,0.0872583793936747,0.252912033070065,0.156131781509313,0.0892242087782797,0.120115873543813,0.0405432614726876,0.0873419385397817,6.07212555893469e-06,0.025477588184242,0.109386976552796,0.076546899167046,0.0622687638670034,0.118438191002414,0.0650206516772292,0.0833725537104109,0.148915013846422,0.123570040380945,0.116791761889304,0.06859281619663,0.112006025657434,0.0526834163865542,0.101370695824064,0.170703960253448,0.151273041781984,0.0887414870605602,0.136559683650118,0.0623174818679586,0.102149702339163,0.179553857656504,0.110569162241811,0.103216392942763,0.0634631028021578,0.0914134459298662
"NTRS UW Equity",0.115632266860118,0.133500820268166,0.151032791556392,0.292475841672159,0.270904460471794,0.348703861011947,0.0908654552535675,0.200346489946655,0.120140679598459,0.132344249146523,0.152387481570997,0.264129207668161,0.14646157574057,0.0755308884998034,0.195285927558462,0.0811290172289422,0.0662586154534038,0.105778326087083,0.335825415000603,1,0.108810960229067,0.063404317743062,0.0692873005611147,0.058341377883588,0.101578152170013,0.0998568006646184,0.125967325718787,0.0815704510450649,0.106749406196874,0.0494774370330565,0.0893986628995714,0.0838781755409761,0.0959776871852591,0.066510224294947,0.114634322458006,0.134577581677951,0.0762450042588175,0.133670797297121,0.0604371910239543,0.0815353000781668,0.260713940857742,0.186609177820955,0.117729360529426,0.1563755494203,0.0635168609362337,0.116726079465751,0.012502632192853,0.055116173777916,0.177743345318269,0.0791351577482547,0.0630472195231119,0.159289817148846,0.106864280120269,0.090595598384725,0.153211120522558,0.135396603788455,0.193020020900528,0.0729315014611457,0.126433438753123,0.0617267687187366,0.0783975228138598,0.187710195268174,0.175256246050021,0.118644653665388,0.126470425019052,0.100759757714138,0.179711897771639,0.222656401191972,0.155744652347956,0.125349232372614,0.123541758302281,0.16278735649495
"BLK UN Equity",0.0161471007565574,0.0350796354148528,0.0667714654483696,0.0615977713368676,0.0289290002488399,0.103874482392923,0.0307573223763245,0.0339708339525694,0.00441304624810205,0.0142002439452467,0.0529023005139919,0.0524284118365175,0.0353013026935961,0.0528104236327762,0.0655214999901526,0.0220617609971229,0.0255637120082409,0.0299689398948958,0.054911802638955,0.108810960229067,1,0.0107050148681533,0.0110669664082612,0.0146847311462876,0.0239818702449054,0.0103918360876127,0.0195599235888209,0.0313231097633811,0.00681753719665367,0.00809860547133911,0.00949886348972484,0.0404630148669255,0.0130112113739936,0.00327464947525392,0.0229141274517267,0.0472314614847456,0.0131409696855454,0.0355525408786442,0.0111923488673501,0.0197248310844094,0.0994424034057008,0.0573425314809426,0.0198271316668732,0.0525917283046327,0.000763861043072536,0.0335713177824718,0.000820809402662617,0.013789546224701,0.0615167762737011,0.042077817725935,0.0312166852009763,0.0664269813249794,0.0436771849093114,0.0203414878472382,0.00837840431287237,0.0057767218714619,0.0295835728108313,0.00542173858917847,0.0225616961876452,0.0205438464741706,0.0173971670584601,0.0139836967484953,0.0303393762570378,0.0329359218801116,0.0100421447694074,0.0463000035725918,0.0652443236593353,0.0336334355617011,0.0562560417921363,0.0741094748570254,0.022897647651578,0.0445088345398033
"TSO UN Equity",0.0117620269916488,0.0729595485576394,0.0201893536507209,0.0132748387471396,0.0554619789737753,0.0270751565972424,0.043089515757546,0.0245177364171974,0.0396351207532218,0.0404664133079662,0.0118179455746778,0.0324940697868185,0.03341025747519,0.0426478044516019,0.0314396068350949,0.00974710643750699,0.0273651911663165,0.00192466017801568,0.0489835503249493,0.063404317743062,0.0107050148681533,1,0.436762579818759,0.345668935500979,0.0194701011625809,0.0029260270559876,0.0386520538633454,0.00587430758875784,0.0574265912312075,0.0366839718881254,0.0118524676989343,0.0218744459972906,0.00815248329865032,0.0226346761964558,0.00737616539714111,0.0129501688512508,0.00454623789103303,0.011757065294707,0.0130399390984048,0.0668706890988762,0.0690649442793252,0.0307507127655669,0.0043304394614263,0.0081607928181151,0.00286720987166131,0.0182347769130687,1.15234421362575e-05,0.0017772529291786,0.00854879183320886,0.00192348478934914,0.0505495216322977,0.0387722925699908,0.0220596913035136,0.0098635327027128,0.0287731123033693,0.0194569051027111,0.0255112156077415,0.00593698080921725,0.0178020790901996,0.00812602855268899,0.00563839037490296,0.0577649803394488,0.0235406790501412,0.00135344651372944,0.00834049968333119,0.0420660481198224,0.0463603379271824,0.000412489528562889,0.033734355363998,0.0667930235150116,0.0543044235599704,0.0350605482249093
"APC UN Equity",0.020065974737674,0.0594099653044033,0.027303477071467,0.0186871345989171,0.0694156651071908,0.059549582037539,0.0513475812388183,0.0269840879697224,0.0393171792113629,0.0244078847337552,0.0158688827805552,0.037597927211298,0.0390507216848535,0.0440200254136276,0.0499677003309887,0.0129206932103096,0.0544304039602521,0.0209547003942599,0.048358519375717,0.0692873005611147,0.0110669664082612,0.436762579818759,1,0.358310164618021,0.0296820214150371,0.01411478975876,0.0583426691439049,0.0206317584327717,0.0396205779776448,0.0312281874885467,0.00916196694915297,0.0208190189640712,0.0124565671709838,0.023772605275067,0.0245147084267831,0.0384472942927421,0.0249585702843876,0.0184622349218147,0.00991789965201067,0.0981629053231506,0.118455237257642,0.0319380822431737,0.00860486882453015,0.00694326806927465,0.02344913569654,0.00800354571764636,0.00197775063477077,0.00288968484754383,0.0389029199028926,0.0224813001001923,0.0328045048380358,0.0120798289424713,0.00987134945964193,0.00894426965819109,0.0266372912997466,0.0123185523694572,0.0235060388330794,0.00351826711517985,0.0264614363601457,0.0012534118714128,0.000654274798161544,0.0277635662095468,0.0114323930784954,0.00718880657839464,0.0180722776215369,0.052636952169127,0.0543340268955988,0.00853615818057041,0.0557590384716376,0.0806369737919373,0.0689820311246211,0.0615012049989048
"WMB UN Equity",0.0215326277581694,0.068168239349041,0.0368748974635615,0.0257822722387718,0.0531816812478349,0.0350668306799885,0.0322133268594293,0.0354328367550363,0.0355645014793244,0.00858738817339061,0.00815436280219602,0.0392842216723419,0.0558499425810789,0.0532751251397672,0.0514449729444298,0.0231802997235437,0.0424246129895464,0.0141559079692733,0.0433705314947876,0.058341377883588,0.0146847311462876,0.345668935500979,0.358310164618021,1,0.0585918529156385,0.00452121487339216,0.0803774428440147,0.00880352780683074,0.026925516886084,0.0288490176820752,0.0182234493223389,0.032206433866981,0.00661801584150166,0.0144426148570877,0.0169026232803411,0.0398603314882318,0.0375566597911062,0.0138045164124171,0.00210186306436716,0.0793432530094424,0.124365680530675,0.0525429825700081,0.0285910838997009,0.0283127916811954,0.0189281370615743,0.0147889972424565,6.89887101127899e-05,0.0056337181545946,0.0368713908667711,0.0167962285815534,0.0506031942312177,0.0356041965316809,0.00902703212442015,0.0441462087470538,0.0299224464065053,0.0208486123869384,0.0267133581958445,0.0125385816304314,0.0258910887393909,0.0104942951312721,0.00869406485956428,0.0219282745214582,0.00950353932376425,0.00322295503847829,0.00795814519020029,0.0264742607133152,0.055664243453528,0.0112604577915871,0.0641307348021003,0.105924919909686,0.0843214001249614,0.106546630322753
"CVS UN Equity",0.0779192557277848,0.0622611244850489,0.0830938915993052,0.104628670920516,0.109080789064962,0.127227374470241,0.0442943290806788,0.0377571278736056,0.0377150058624925,0.0404645958529551,0.0631081559717471,0.196555116629498,0.0629841336375965,0.0521051814619615,0.132642755246001,0.0913523028290395,0.0446821978237763,0.0817081812331649,0.0757725761461596,0.101578152170013,0.0239818702449054,0.0194701011625809,0.0296820214150371,0.0585918529156385,1,0.123663658006952,0.104383404221768,0.0502307123174587,0.0571103241169693,0.0280795595473968,0.0607866676030407,0.0262379349170117,0.104152357530295,0.0434734729057136,0.125726103545946,0.0999254020955572,0.00893994596595387,0.0375389660608135,0.00203461219141824,0.0537684274970963,0.158385472344815,0.0678500083460404,0.10819171375491,0.0671086048786668,0.0622675155024597,0.040379142425728,0.0211220689378411,0.00356855169891727,0.0453028317202319,0.0235317465085241,0.0590912126342182,0.116913253566797,0.06516068706127,0.100755175510651,0.0486450072411138,0.0846993538177828,0.0931808762246658,0.0585730942284069,0.0291748220689378,0.0483724355791978,0.0589421636543994,0.0682141525268518,0.0695341518586968,0.0652375498733765,0.0510442316847184,0.0745718527275156,0.0836571455449114,0.106117781225749,0.110603866664597,0.0387293256270974,0.0654921569453043,0.0664718548727419
"COST UW Equity",0.0842941753474366,0.0604814210295379,0.112543112104741,0.0925563680939141,0.0786191218176634,0.140909263282018,0.0262462989696254,0.0434512430195035,0.0212513677086327,0.0552528439503061,0.0565174961506225,0.0822578340608967,0.128260264695747,0.0346958960277302,0.0542727138790936,0.0714898446010813,0.0504708197964497,0.0585470056820549,0.0572333263095865,0.0998568006646184,0.0103918360876127,0.0029260270559876,0.01411478975876,0.00452121487339216,0.123663658006952,1,0.0438892397816945,0.00965348416860088,0.0121250696358319,0.0199135903854077,0.0151468566033732,0.00957357345783673,0.0344172680811368,0.0563599142857217,0.0658320561362555,0.0527763674107138,0.0179807479231802,0.0221513575856329,0.0157990208382624,0.0363864267609823,0.10138368059491,0.0867364887700657,0.13815600745647,0.0528982599218809,0.0287170561738812,0.0349759999457856,0.0153298244659894,0.000468052735344838,0.0284490138735768,0.00811656010178139,0.00607146718112007,0.0431550494431443,0.0234354190323745,0.0351846677815216,0.0414305255166941,0.0474569380726884,0.071439820310167,0.0346284292904825,0.0513320799742368,0.0191685644741374,0.0255608491533149,0.0466384560263609,0.0994116419935784,0.0644626523170863,0.0512018810067467,0.0585925801745897,0.0972494385172253,0.0737757318405476,0.0930013529886401,0.027746238808126,0.0316728011487656,0.0216778460329686
"WFM UW Equity",0.0590582126660065,0.0477708512460794,0.0431500361503808,0.0582197926628294,0.082402700838536,0.0991532620213953,0.0372405628520666,0.0481408672690074,0.0739086300118812,0.0760624408227327,0.0788880182762805,0.155430138472138,0.0660509554451327,0.0492681421954269,0.0645976067283602,0.0497629979287929,0.0643446920797368,0.0374522800653677,0.0823781459458201,0.125967325718787,0.0195599235888209,0.0386520538633454,0.0583426691439049,0.0803774428440147,0.104383404221768,0.0438892397816945,1,0.0348874184274307,0.0641089232371336,0.00279416359402205,0.0330154168296915,0.0284124489943779,0.052006184588456,0.0261282489390401,0.088689983597112,0.0912079531024917,0.0269344567221554,0.0401050399008324,0.00331533482440588,0.0484613087712533,0.125957729513102,0.0657231618588965,0.054216295684403,0.053834671003175,0.0129126232005974,0.0480929426261235,0.00799056491451277,0.00454061044312434,0.0676782335583515,0.0274520597631848,0.0318283694353924,0.103065022669516,0.0339537060436061,0.0213225182798198,0.0548062192271944,0.0651262988205419,0.0649383212719649,0.0337186248660722,0.0460231767553295,0.0116333332771272,0.0389587054119083,0.072363258294405,0.101808768175467,0.0258624304599504,0.028970095960108,0.0119188405400328,0.0436726355120304,0.0853309807878965,0.0910533274515233,0.0369901849534971,0.036120771555667,0.0230523660166504
"HSY UN Equity",0.0590878091352289,0.0323614429829188,0.0415908386926928,0.0674080804586664,0.0826432221639625,0.125149893673513,0.089643221914097,0.0265671249459838,0.0305569722614753,0.0403131283155375,0.117467339802256,0.0907819386176257,0.0242694625066468,0.0391529419169334,0.0689099017779198,0.0612051906016974,0.0246407591888637,0.0680270110273813,0.0482961624085506,0.0815704510450649,0.0313231097633811,0.00587430758875784,0.0206317584327717,0.00880352780683074,0.0502307123174587,0.00965348416860088,0.0348874184274307,1,0.111123858864722,0.0137320162702,0.0205425184825079,0.0939871436901048,0.0628970353352874,0.0245268555200088,0.0734897027905908,0.0620875760283077,0.00862710798714998,0.0466156295833569,0.0150805205673521,0.0530029546640972,0.0885534261001142,0.0425504506932679,0.017938675562609,0.056012615517672,0.0170566401529967,0.0226494831086126,0.0223337789144583,0.00695651278232384,0.0674266483740176,0.03095202745786,0.0206755224890687,0.0794167634655862,0.0113444948654026,0.0312001817762347,0.032205361791716,0.0527274075958485,0.0848002181329272,0.021404047864615,0.0785898086972646,0.00978136883756372,0.0219713545644397,0.0481663093184368,0.0429919192160926,0.0207223774775078,0.0232869684596302,0.0258665616378081,0.0414119123207637,0.0556667976098677,0.0383338389868905,0.0371235969439672,0.0638128387819558,0.0372823318753061
