"","F UN Equity","HOG UN Equity","JCI UN Equity","CMA UN Equity","ZION UW Equity","PNC UN Equity","AME UN Equity","SWK UN Equity","PWR UN Equity","RSG UN Equity","WM UN Equity","CTAS UW Equity","HAR UN Equity","LEG UN Equity","MHK UN Equity","YUM UN Equity","RCL UN Equity","MCD UN Equity","GS UN Equity","NTRS UW Equity","BLK UN Equity","TSO UN Equity","APC UN Equity","WMB UN Equity","CVS UN Equity","COST UW Equity","WFM UW Equity","HSY UN Equity","BF/B UN Equity","TAP UN Equity","ABC UN Equity","EW UN Equity","BAX UN Equity","EL UN Equity","PG UN Equity","KMB UN Equity","UNM UN Equity","XL UN Equity","MMC UN Equity","FMC UN Equity","PX UN Equity","SEE UN Equity","CMCSA UW Equity","TWX UN Equity","IPG UN Equity","ILMN UW Equity","MRK UN Equity","AGN UN Equity","EQR UN Equity","BXP UN Equity","CCI UN Equity","TSCO UW Equity","GME UN Equity","KMX UN Equity","SWKS UW Equity","MCHP UW Equity","INTC UW Equity","SYMC UW Equity","VRSN UW Equity","ATVI UW Equity","FFIV UW Equity","NTAP UW Equity","CSCO UW Equity","T UN Equity","VZ UN Equity","CTL UN Equity","R UN Equity","LUV UN Equity","UNP UN Equity","CNP UN Equity","TE UN Equity","AEP UN Equity"
"F UN Equity",1,0.20800798063693,0.267953210939622,0.160674062345339,0.118240561078555,0.127024971057313,0.217615526042337,0.237206003312353,0.248061162817244,0.12061816604249,0.157846944463954,0.222908290168327,0.238013420334953,0.175266364646869,0.207982223631094,0.179293988151472,0.246873933430998,0.115711586055867,0.184802645627412,0.186852863001215,0.200279101587988,0.159090750603666,0.13826288204292,0.179672606694359,0.0735757574796771,0.166542561907068,0.115321408005793,0.0953105964704846,0.110924392000783,0.0498857890681425,0.0608778022562955,0.0763447731127003,0.0311162145687419,0.147141732353053,0.119635615879932,0.107023005077833,0.137527059815639,0.164440339853187,0.143964746915959,0.172284290134161,0.156558317481482,0.160298338949391,0.207001521325367,0.171013699782746,0.206111139090751,0.0597421844707955,0.0877070264589793,0.106284230539056,0.145646408497668,0.196589882909623,0.204102603865403,0.0926006958991882,0.159116525888329,0.130421298145955,0.125719459455645,0.254498765957434,0.23684427678796,0.185043373393704,0.16156216370245,0.17777374296314,0.125390082279646,0.182309357219442,0.254828991991482,0.182735257688388,0.180702158623852,0.0971009590421449,0.178666758907475,0.131309062596779,0.17043309033481,0.132205888562382,0.125972066375118,0.0897272825352625
"HOG UN Equity",0.20800798063693,1,0.386375449193015,0.336213243639672,0.271504924738895,0.354538687499833,0.407005717815817,0.561671661086926,0.35833745180829,0.273132551215648,0.243194491496815,0.405586748513519,0.331832274334453,0.475014923133397,0.452570661156725,0.405456514381015,0.387305330382379,0.321645883909403,0.310534075072999,0.38691709803543,0.401043517532955,0.249623622872318,0.270030086793094,0.302374358863674,0.251574227768124,0.361139378978194,0.2664808259793,0.18585023265842,0.16314067248056,0.156072166631899,0.127421675906269,0.164864780510489,0.123304368829859,0.378814709762509,0.277375965903283,0.275989678000227,0.374762954771216,0.238400924347192,0.275361050580032,0.379846213535527,0.407142214321374,0.372060235822774,0.3604992874297,0.336400974867008,0.291419087817782,0.212704048423319,0.216488115744604,0.196522937880253,0.442652693794018,0.488504095598914,0.36572642964366,0.305873560188197,0.287147984440431,0.38682863971808,0.255284476436619,0.387277304382237,0.390495562070348,0.335273591155582,0.364134232788765,0.208319479405959,0.21640706528523,0.305265891075581,0.439216702430335,0.287338669754293,0.291599564563454,0.219145767644243,0.495762762571524,0.305675431434985,0.415111559253825,0.170258801253101,0.171249353686331,0.176661951425918
"JCI UN Equity",0.267953210939622,0.386375449193015,1,0.274989105580114,0.222491604743977,0.262836329692364,0.391237289611441,0.444973797472671,0.328252575187533,0.279360454121511,0.295437822569674,0.411439516477528,0.364511544986417,0.461415529027562,0.371057564104564,0.355932554209756,0.287490309813952,0.259179732814799,0.258768007152331,0.270748127340849,0.3998906236637,0.270590160183877,0.280412270964379,0.366113830286685,0.257776817325498,0.284275977699308,0.219264178729205,0.229486169302563,0.290811885694072,0.168575442700434,0.176479222441906,0.156275635147103,0.122089657864797,0.364530366994858,0.339922107010027,0.286191498539915,0.351740132057573,0.260963642127349,0.318427969497974,0.339964763822613,0.387186003934472,0.356782277792181,0.35633710541354,0.293989516482957,0.404810180468917,0.157083782802665,0.218098413285313,0.182524270041852,0.382559962813807,0.451406071502075,0.271042209676195,0.218393893767362,0.279349170727422,0.264222602954158,0.160776241412866,0.357212136823133,0.405056521899213,0.267765132389791,0.257666909078633,0.255527384147677,0.270707761862214,0.312608474540473,0.434100615172941,0.312344524476486,0.293097423511112,0.197558089997271,0.37916513368656,0.210351476767927,0.31900392709976,0.244707543700821,0.229861797708094,0.246689457488066
"CMA UN Equity",0.160674062345339,0.336213243639672,0.274989105580114,1,0.563243749265427,0.494956044429795,0.21120027522785,0.387632631617792,0.243177472031184,0.130308245301931,0.168653335185598,0.229311636326297,0.279766650021543,0.368989228497011,0.272708555854919,0.257668025912969,0.345532904667658,0.200177261562507,0.408754447573042,0.430658364214952,0.404261373643149,0.185121619104368,0.162794189912441,0.174315051570903,0.128478599513017,0.185481667857171,0.144558623865578,0.140273700806687,0.133850330930375,0.0711424570140261,0.0869899089711242,0.0870294167417005,0.122026657494451,0.270615392656672,0.220846066001412,0.205064798434213,0.399790351779258,0.440855610718255,0.300255206222888,0.193086605619563,0.230800796536648,0.323644889747527,0.292457166770716,0.25127675962443,0.218332368675142,0.113635598046153,0.126060341337665,0.198651818782741,0.434769812162647,0.452047115056386,0.272412193336002,0.139766505035751,0.171749396725587,0.290862803455581,0.103736641858968,0.294056402743839,0.271888054069642,0.195478517634358,0.199212365887234,0.1069837389494,0.184464693934834,0.17480103734716,0.324937922095474,0.284265033286357,0.252744819524979,0.228361667993392,0.308022471905493,0.207676830405548,0.237120347642828,0.127467422177846,0.137934581370231,0.111399051345788
"ZION UW Equity",0.118240561078555,0.271504924738895,0.222491604743977,0.563243749265427,1,0.530205795641726,0.185274025266815,0.335912627385125,0.174595449832444,0.0946555942784821,0.136638831028557,0.187516115837907,0.236179983346582,0.355738635978018,0.248458405979512,0.21239059469038,0.256079130804127,0.175265661194433,0.32944117758127,0.394388904800675,0.275316507269455,0.129944933026151,0.130200721491953,0.142637366603137,0.099029328159226,0.130394782297772,0.133159063306007,0.107351096866682,0.0786544877064116,0.048677817461915,0.0520254424282544,0.0431801410656522,0.0601602464888263,0.211429164061637,0.175701359128692,0.150619256306156,0.331631756937659,0.333657013158774,0.242424159490308,0.165305107399848,0.1522749275427,0.24200071314503,0.233344518941623,0.182013170574408,0.174810446402445,0.067194678250181,0.0830378496763597,0.088319810698229,0.334266822070321,0.332100766977196,0.185979764531384,0.111129088906792,0.0986395423284833,0.228377487516569,0.0859139829487859,0.228049671365276,0.164794680552563,0.122054643935676,0.185740086115514,0.0757729379343159,0.117365996223049,0.137469310515186,0.223352426363222,0.163556617639634,0.167630908947047,0.13247780140903,0.265010534584772,0.133622884735248,0.204998104128465,0.101464579120449,0.107184967415094,0.0801110405883776
"PNC UN Equity",0.127024971057313,0.354538687499833,0.262836329692364,0.494956044429795,0.530205795641726,1,0.181520214873458,0.358864269952159,0.208901415178061,0.136186856746537,0.148819960533811,0.238764337970494,0.222820224546244,0.388684949379691,0.243069829309219,0.235769955124687,0.281118892203964,0.207316934442115,0.397871443356227,0.549364091550294,0.398228265695163,0.120579099205562,0.13907790482405,0.199218702880763,0.138732290103043,0.180977556313846,0.132787159172314,0.0985564457829156,0.0664237889904991,0.0683880541757304,0.086656829233404,0.0761549905539345,0.0980403770817278,0.20833363936695,0.17183023746572,0.149198879931167,0.442249660340602,0.284171736752762,0.217550801262668,0.196534479973049,0.201935398815938,0.344759499775499,0.280217438355258,0.22419109338073,0.190803500181899,0.107346203471716,0.0964698591454442,0.12824993008567,0.471722435438657,0.515124279665586,0.231886953332325,0.147667735784296,0.212024790757047,0.261568080754031,0.122930651805279,0.245554741751471,0.239396859155264,0.175547524931245,0.245822624608523,0.121977547927804,0.182234258383434,0.181695600828467,0.26295404633406,0.1824700020477,0.187855048313152,0.147015752602207,0.31442175187661,0.18347068696889,0.238967208180119,0.0881430720767443,0.11474795726165,0.0840877607556234
"AME UN Equity",0.217615526042337,0.407005717815817,0.391237289611441,0.21120027522785,0.185274025266815,0.181520214873458,1,0.53281894897751,0.553456800401537,0.315870719083292,0.371398039717464,0.475978089024356,0.323869334413384,0.437831847589316,0.319681560610141,0.414320025617733,0.305164802163595,0.372273702067912,0.34049725844312,0.40635265762538,0.407267261004153,0.396669303554414,0.435377055908353,0.474624568935609,0.305475568270005,0.341849794640635,0.210877420231432,0.229832845468213,0.228294082084429,0.198788141408609,0.2944184007309,0.311223462528252,0.249585864925643,0.335200209059065,0.376342855847952,0.358306191272616,0.351958814166446,0.259901030322181,0.287534469627144,0.491384882260655,0.49809643366588,0.3417420288317,0.40064486434491,0.381819154489399,0.331481416688406,0.24052325875163,0.317879614042627,0.324711295250952,0.341411078787046,0.414733557365603,0.385898517640222,0.2645608757321,0.288119027375749,0.328662987402806,0.209020944535218,0.449634272989108,0.516267309122987,0.31612480240207,0.414482585277611,0.41136888480226,0.278604769804561,0.427382099894458,0.512559482477036,0.41579425093152,0.364110695548044,0.306995212182303,0.386213795568432,0.264077900585876,0.3942338301219,0.310319040684402,0.288258555317765,0.320740310731598
"SWK UN Equity",0.237206003312353,0.561671661086926,0.444973797472671,0.387632631617792,0.335912627385125,0.358864269952159,0.53281894897751,1,0.482460594476655,0.312555329672177,0.383495496264573,0.50868448279444,0.503738068606151,0.542001713005779,0.539430586914503,0.492798015967697,0.455075629232238,0.374316555171235,0.459632070276666,0.448918981449749,0.474327573708631,0.3863450589682,0.399688627976729,0.418549642511074,0.307188861479388,0.423465409036737,0.299074220451879,0.224176953915695,0.302857001986123,0.187929354661861,0.271057812537866,0.242877973397621,0.241628886126717,0.44559681989765,0.426764881269856,0.362764414932109,0.47979979437271,0.328295561321043,0.36359052614316,0.39528939177075,0.502880897822939,0.457227256173512,0.508894142122839,0.489681789438538,0.388641232602452,0.249455991878816,0.300639302788848,0.348914098387604,0.414355614678718,0.503092613894933,0.458390792619844,0.272531236411091,0.365739426952765,0.438729037825705,0.208215958215889,0.440984561824084,0.447237263355546,0.396331946918861,0.392029629007294,0.281019636318515,0.274721586459266,0.386339994836516,0.556204041915613,0.432096619617523,0.410466361960799,0.329224935075577,0.488432108536408,0.335909549583676,0.441781909511162,0.310429753359291,0.30264929864456,0.316335630843141
"PWR UN Equity",0.248061162817244,0.35833745180829,0.328252575187533,0.243177472031184,0.174595449832444,0.208901415178061,0.553456800401537,0.482460594476655,1,0.267044762719851,0.336333590743587,0.415335251262561,0.346873377865291,0.387469550489731,0.279292063046053,0.367445101064071,0.346780934796076,0.320493042072777,0.380362638851713,0.410921839089323,0.410516747312189,0.39676366460479,0.416302813911497,0.504611519840277,0.266053407928392,0.338590626989692,0.199764388084929,0.21140362085175,0.216134542040442,0.117366013241451,0.220534301054184,0.278186306616873,0.216261775602688,0.307723638460422,0.279002593056137,0.281056803217746,0.363700399634239,0.222618468303652,0.286732861171561,0.443250149904623,0.483716316893807,0.352800956301123,0.429700397168926,0.373380354167065,0.314293937569563,0.267371959709869,0.277098276189448,0.328952178452697,0.346549967949272,0.402155726976863,0.472955307010649,0.207575191722843,0.328704589296788,0.352090506473282,0.197416292600031,0.462909495030158,0.474511722113064,0.390704627895885,0.407531760576993,0.377047134196415,0.253865249299854,0.391649731962713,0.494415840494391,0.371488722851153,0.303101494965553,0.282157736912312,0.369611370388076,0.246167541581137,0.362092466857218,0.254846114464207,0.301183029825558,0.231779241415757
"RSG UN Equity",0.12061816604249,0.273132551215648,0.279360454121511,0.130308245301931,0.0946555942784821,0.136186856746537,0.315870719083292,0.312555329672177,0.267044762719851,1,0.343799459500019,0.286364167011957,0.197671181211573,0.300024753937512,0.157718766667396,0.259731247644331,0.215658275863383,0.260128521526218,0.162135443981798,0.223238743817481,0.238609032353272,0.238100497828328,0.305142851741476,0.306288833288316,0.296203983514452,0.231149284559819,0.139865891870282,0.254972833871382,0.257032842350475,0.17660257127906,0.258408409937135,0.243124380032607,0.236990552077313,0.227868592844344,0.29269388727211,0.266277425423753,0.274809859541713,0.15127139773356,0.174564556383406,0.331268218120063,0.319070281967006,0.236163932202319,0.271586454156866,0.227323033006662,0.15840213011568,0.215711426243668,0.300224017134514,0.259042430694344,0.240159693019803,0.252133377430682,0.253627702424908,0.154528924569562,0.236903923784577,0.170299929802028,0.100947635677076,0.224395353766375,0.276532661596131,0.128149167180591,0.248673854052914,0.172834708989487,0.115865417967015,0.186208380783417,0.302271141821045,0.252302031167521,0.205616491449848,0.169063006355196,0.202909611599029,0.223697397546163,0.196016273237978,0.294197582078683,0.18069023423614,0.269465235095576
"WM UN Equity",0.157846944463954,0.243194491496815,0.295437822569674,0.168653335185598,0.136638831028557,0.148819960533811,0.371398039717464,0.383495496264573,0.336333590743587,0.343799459500019,1,0.431313140969099,0.285276470667151,0.341687857404161,0.244388928478006,0.315971813976292,0.29822726415001,0.352170870406985,0.330603493735769,0.28151269509411,0.303873690054904,0.322173040921294,0.346227806450285,0.352342228054233,0.234022412805033,0.302488116404592,0.158429201249564,0.235031042110742,0.309387419362744,0.234310339529559,0.298198793443921,0.301828526598426,0.288287940351263,0.254529956139601,0.40780708453015,0.359883677117193,0.341323728978195,0.245570647958217,0.259906653060778,0.371852727902551,0.461142952193455,0.218859421356164,0.350560108192406,0.372675159496205,0.24561478623453,0.208764924857682,0.316961674712667,0.359664762711475,0.188598980708611,0.276054425697609,0.327451871956983,0.161724884693172,0.236941094032431,0.19427037728684,0.0931520412295954,0.318735337324811,0.373848861280586,0.23416978409617,0.296679893806575,0.223617479323305,0.19439479191388,0.326701725366972,0.427138669862601,0.483358661832675,0.330990565851558,0.232664544499406,0.207347364370836,0.256597439268338,0.290251678108445,0.418084102133598,0.320354656908993,0.436149937243229
"CTAS UW Equity",0.222908290168327,0.405586748513519,0.411439516477528,0.229311636326297,0.187516115837907,0.238764337970494,0.475978089024356,0.50868448279444,0.415335251262561,0.286364167011957,0.431313140969099,1,0.300416497149547,0.485183231051397,0.357428670825365,0.479927190931351,0.26987900769897,0.419206386615564,0.304116397380159,0.35898768996146,0.424974545844389,0.293180893759863,0.278568597790503,0.327421220865075,0.288429937319237,0.4323422055149,0.215955284304592,0.339594517709922,0.262072809672188,0.187343345557997,0.294699923946827,0.25366518979369,0.199178971774115,0.372254996915288,0.454801409746959,0.373782588462312,0.372693932512501,0.253717346533315,0.308063176347409,0.360988244289355,0.424322571327795,0.351770195856763,0.462468989949451,0.37474076144302,0.347405035394566,0.230689736282308,0.280706474856772,0.317347660516736,0.371650470870987,0.460744043206307,0.328014111954996,0.334302060688456,0.341643452156699,0.356289676226129,0.185350239780868,0.418203182042754,0.492803749405734,0.369777924274539,0.326691714631641,0.265100979286684,0.297828514442135,0.367347616533603,0.528949479843961,0.42326413828351,0.405181896570991,0.268298015372183,0.367853887450506,0.309782699328232,0.328427454108949,0.322509570099079,0.277448228675289,0.343274518131276
"HAR UN Equity",0.238013420334953,0.331832274334453,0.364511544986417,0.279766650021543,0.236179983346582,0.222820224546244,0.323869334413384,0.503738068606151,0.346873377865291,0.197671181211573,0.285276470667151,0.300416497149547,1,0.349093034653613,0.36656984595387,0.291061076541614,0.324609629319996,0.181492076395948,0.337682679359416,0.281963083232235,0.349888432302195,0.277746061598398,0.252029455178043,0.280264277571503,0.13846706572221,0.234244078516157,0.211653019103686,0.15050517481398,0.160564381024436,0.0991910378264066,0.147472270262861,0.140651845732829,0.142550132949323,0.323815910168713,0.214934250606449,0.164999328573904,0.332762008020516,0.230928487070818,0.217002941470821,0.300951572969787,0.326018814521126,0.302953786629222,0.355537285228838,0.336506214563569,0.361132121909437,0.152211791068073,0.142325233226967,0.167695130533141,0.303629186108227,0.366129191809768,0.344095336059657,0.190142098809809,0.24332179503925,0.277481719482587,0.174829358800277,0.335700494211711,0.322484891346203,0.338139135149746,0.229991277018413,0.198408260243023,0.211027367603626,0.322387258464183,0.349524219271641,0.294912506367815,0.255213949309908,0.266451201138447,0.300393737226664,0.21346992166207,0.309287630623336,0.211528309079802,0.234963467318299,0.176411894821921
"LEG UN Equity",0.175266364646869,0.475014923133397,0.461415529027562,0.368989228497011,0.355738635978018,0.388684949379691,0.437831847589316,0.542001713005779,0.387469550489731,0.300024753937512,0.341687857404161,0.485183231051397,0.349093034653613,1,0.441763244847698,0.449847104751699,0.337011276296633,0.361758024709206,0.32280362783455,0.423284221244723,0.432107242651218,0.27205197150582,0.300901656423564,0.339916377569215,0.365663563518374,0.315151972344362,0.253554100265134,0.253190502047601,0.267795609538063,0.178221408177396,0.235704729889368,0.214605346000622,0.210502603211971,0.375444097338299,0.436231671709154,0.36636748728979,0.444966770917872,0.331428276588214,0.346868729097837,0.365211547590729,0.406702364148373,0.44139511227409,0.44094025518344,0.386359667477528,0.333527669352173,0.160274905584736,0.288242240913355,0.264864691544756,0.446799956398384,0.508648843350939,0.290416709516712,0.340148779915512,0.338990828020563,0.364181409281366,0.196305319425398,0.408751773800641,0.440687091959587,0.29236028111069,0.295599116929954,0.277768269859294,0.238442860847809,0.338668540483257,0.498492347731299,0.391071798530545,0.333366173340671,0.28286643358961,0.441528368431262,0.331262870560548,0.355402386846129,0.285771075348781,0.239380783384231,0.277424599081194
"MHK UN Equity",0.207982223631094,0.452570661156725,0.371057564104564,0.272708555854919,0.248458405979512,0.243069829309219,0.319681560610141,0.539430586914503,0.279292063046053,0.157718766667396,0.244388928478006,0.357428670825365,0.36656984595387,0.441763244847698,1,0.367746903275922,0.342661037123353,0.215764610668657,0.282690247405273,0.235707967551069,0.330143595859444,0.221643951229925,0.152866773649249,0.20808900869768,0.187218896319494,0.312558827998716,0.217580599449492,0.112017692599805,0.143997194875984,0.102294071028314,0.130309709500122,0.126981801963002,0.0856456237636469,0.35397829647724,0.217166896481859,0.189695974545054,0.284393397069942,0.187296627162235,0.219459426573459,0.223149671343515,0.281675369853847,0.321396480631584,0.25867763475612,0.305990904743652,0.23773156631757,0.135618463801494,0.161386426932506,0.174292896750112,0.300018174123145,0.371539101013748,0.312209695172817,0.204243935143336,0.210439287447779,0.339894264370511,0.116220619008923,0.292002481310078,0.296430335998179,0.266862319483917,0.196574747951952,0.15141428224006,0.187167560231183,0.24892876312476,0.371224845574096,0.22130457549973,0.207774410584708,0.181528243439384,0.4133522677101,0.282696455660713,0.29716487062397,0.167464496238524,0.115634788795452,0.166415156848539
"YUM UN Equity",0.179293988151472,0.405456514381015,0.355932554209756,0.257668025912969,0.21239059469038,0.235769955124687,0.414320025617733,0.492798015967697,0.367445101064071,0.259731247644331,0.315971813976292,0.479927190931351,0.291061076541614,0.449847104751699,0.367746903275922,1,0.353233132442621,0.552396272662511,0.252884649847383,0.390681700614997,0.415353849869827,0.285810208125298,0.253468932002877,0.315153676995018,0.308747769716675,0.409809911604538,0.222734224856868,0.330081693411314,0.274052894473913,0.180400512203684,0.280071830592916,0.24998941922148,0.233347853362499,0.362579838127994,0.474794464596045,0.397872879761387,0.394322287802562,0.228853717918728,0.343993034808069,0.332838815587444,0.429461401206203,0.434446461259643,0.426795615880598,0.454244948364877,0.295248811925208,0.198724659284268,0.325303637568222,0.295258839155383,0.400020014364645,0.416393531070743,0.365262360687972,0.305783303437351,0.357474864251677,0.357286191285632,0.148067729670888,0.40275168089601,0.389476830036297,0.345751145504428,0.299809751573323,0.226376022320116,0.253949676630417,0.302606965695237,0.473539917215952,0.372915748662845,0.412809026960275,0.224697350926367,0.356195355754124,0.352473876141908,0.397452247784235,0.266812447500402,0.277553941563743,0.315530985592568
"RCL UN Equity",0.246873933430998,0.387305330382379,0.287490309813952,0.345532904667658,0.256079130804127,0.281118892203964,0.305164802163595,0.455075629232238,0.346780934796076,0.215658275863383,0.29822726415001,0.26987900769897,0.324609629319996,0.337011276296633,0.342661037123353,0.353233132442621,1,0.249653226129193,0.409393827720118,0.308569423394423,0.335248315477001,0.269737885909971,0.229348848749194,0.246366944900426,0.150927591568726,0.270561129360541,0.214046074729088,0.150957377456816,0.164504825582141,0.125529836896979,0.134917975288141,0.180113596561851,0.157180012489434,0.262835040690722,0.213206098345147,0.20571196642146,0.342038605935249,0.266635175540232,0.176135698016321,0.236400021576793,0.28859693293915,0.352545945645155,0.284667714879928,0.307846841369904,0.223241690938924,0.180511760373221,0.152037284687845,0.24561253783233,0.265901882389612,0.342211186454054,0.350000675716383,0.145823398851074,0.242197351761321,0.320994767748378,0.183921486331183,0.300815112011314,0.315588802823343,0.24628935375496,0.249807499333015,0.191540022133085,0.156877981833812,0.251302451651058,0.379634834510691,0.332848798178025,0.232241959395119,0.232628716015162,0.310104979436733,0.245333930537575,0.355490619837342,0.152922811892185,0.208445736348738,0.201537136329271
"MCD UN Equity",0.115711586055867,0.321645883909403,0.259179732814799,0.200177261562507,0.175265661194433,0.207316934442115,0.372273702067912,0.374316555171235,0.320493042072777,0.260128521526218,0.352170870406985,0.419206386615564,0.181492076395948,0.361758024709206,0.215764610668657,0.552396272662511,0.249653226129193,1,0.214008703400098,0.382670154080949,0.314028233183978,0.271759887851272,0.254829638225062,0.276606459621961,0.273493016440911,0.422649681964464,0.156243718900146,0.308225961093379,0.274954042937849,0.264396699614519,0.289979494515257,0.276219315253009,0.325944136904094,0.278070986291595,0.479957861773969,0.412330974617526,0.328411499050852,0.222507210893251,0.350831017444884,0.335587832557405,0.346470597473208,0.31338226061533,0.387459426825823,0.422256134675743,0.218093075484755,0.164498402104793,0.328405750737597,0.281793888241465,0.321095946091396,0.353179221621731,0.293388100524385,0.232425408065255,0.316693847429329,0.278850048395588,0.118578377687719,0.338856591253521,0.358280120379821,0.256067011615716,0.328412590906422,0.245926560675608,0.26098432535485,0.266825321128293,0.408083183930202,0.359024137603859,0.380472204724739,0.198677075203546,0.234701557190265,0.282580392234003,0.311470686846929,0.312322502210762,0.314448495717713,0.379943899287429
"GS UN Equity",0.184802645627412,0.310534075072999,0.258768007152331,0.408754447573042,0.32944117758127,0.397871443356227,0.34049725844312,0.459632070276666,0.380362638851713,0.162135443981798,0.330603493735769,0.304116397380159,0.337682679359416,0.32280362783455,0.282690247405273,0.252884649847383,0.409393827720118,0.214008703400098,1,0.502374162578936,0.410855188086008,0.289832986125778,0.319829536365816,0.340684402731598,0.149182106110888,0.237049454816104,0.236631712786089,0.10769276572821,0.127903277914168,0.120700549382375,0.151809283980087,0.194761005873499,0.180053348856872,0.220560624425141,0.217946433276371,0.208209460533962,0.478532246322543,0.365292260070731,0.217355521607473,0.317956331473712,0.353078142595721,0.2820987278151,0.354623120123117,0.31723838044204,0.294763309863795,0.200345972068503,0.191600189391285,0.273553185440064,0.267998626188062,0.39162079412692,0.461503429754288,0.118605069240084,0.292551457827204,0.297338037707065,0.188102860715018,0.319697203240588,0.299864183141926,0.33754549913445,0.350131654404425,0.249084898859275,0.229736263403568,0.310046738209759,0.419261840920416,0.397162829437263,0.255856892314581,0.319342826404122,0.258448541372216,0.202919456184848,0.327043834589145,0.280274372006077,0.24483524733343,0.270190583311385
"NTRS UW Equity",0.186852863001215,0.38691709803543,0.270748127340849,0.430658364214952,0.394388904800675,0.549364091550294,0.40635265762538,0.448918981449749,0.410921839089323,0.223238743817481,0.28151269509411,0.35898768996146,0.281963083232235,0.423284221244723,0.235707967551069,0.390681700614997,0.308569423394423,0.382670154080949,0.502374162578936,1,0.517591905151862,0.263497469082076,0.27598865835242,0.333414665105867,0.230449386486385,0.338294430586902,0.176145366241758,0.227496527494084,0.19141050213112,0.121299433696168,0.184164720838864,0.213285726244383,0.265271261943246,0.249165853883706,0.328547712156122,0.278948657602203,0.56234138767049,0.391519492880685,0.377665477581702,0.390536419917577,0.390542393187683,0.377587336762751,0.440921405433351,0.329645715715676,0.313841229866834,0.188950767723575,0.299134812730597,0.246286497637965,0.543035222146606,0.550379853354915,0.342351128273342,0.254806433646311,0.307247910117036,0.272875663898869,0.174531522862498,0.406257237524174,0.433958676429501,0.353931803162777,0.414250581284873,0.308601521832358,0.228646624044651,0.326926714935807,0.471326546367844,0.375597803459285,0.386236570028602,0.250324656772861,0.363014649295076,0.232044712842753,0.312465958614684,0.216673691547391,0.219639030711735,0.184214126539611
"BLK UN Equity",0.200279101587988,0.401043517532955,0.3998906236637,0.404261373643149,0.275316507269455,0.398228265695163,0.407267261004153,0.474327573708631,0.410516747312189,0.238609032353272,0.303873690054904,0.424974545844389,0.349888432302195,0.432107242651218,0.330143595859444,0.415353849869827,0.335248315477001,0.314028233183978,0.410855188086008,0.517591905151862,1,0.231582626866406,0.232539030394338,0.303299514020299,0.228563421523374,0.350863206499188,0.196982377189242,0.226310902346396,0.213154910908844,0.14732803098153,0.203891640457465,0.222369714715464,0.19599390146419,0.275334736128772,0.299710113075253,0.231547831467707,0.507727507129998,0.305640444534731,0.319024310457279,0.380789996366453,0.443731771102931,0.415438290357485,0.437629010056842,0.332946358179673,0.37801362284513,0.236254062075924,0.248288210188647,0.240174050952657,0.523010823324146,0.579023702166271,0.356814185353744,0.282671747793209,0.324605439668072,0.323440950703408,0.216571325244464,0.499700284791785,0.477354405832984,0.333523859102581,0.323574344676317,0.307881464140151,0.241072495225015,0.379048833508954,0.496952123584508,0.383437154728622,0.376415465873894,0.264094962826158,0.353870159807852,0.266615436852277,0.355298800022888,0.228150951277089,0.252816309757316,0.23792146293259
"TSO UN Equity",0.159090750603666,0.249623622872318,0.270590160183877,0.185121619104368,0.129944933026151,0.120579099205562,0.396669303554414,0.3863450589682,0.39676366460479,0.238100497828328,0.322173040921294,0.293180893759863,0.277746061598398,0.27205197150582,0.221643951229925,0.285810208125298,0.269737885909971,0.271759887851272,0.289832986125778,0.263497469082076,0.231582626866406,1,0.463355618311262,0.466175968345404,0.17230158034122,0.249818874842706,0.164682767447135,0.212223663845231,0.240089644882179,0.186132821177023,0.222009721646194,0.257565754628099,0.171865108891436,0.23315954581321,0.279882443548928,0.220733657636667,0.283249305028909,0.200007198202122,0.212700096865041,0.399453506202021,0.406338397318692,0.2237119814237,0.323555441123928,0.34787238079607,0.24245017838756,0.167040802808478,0.229413180843433,0.285372174039558,0.187996454335649,0.244329900144395,0.29304232159269,0.131706829156129,0.239481836777257,0.216088056534774,0.142429553210984,0.30350528215488,0.321009002711014,0.332446486679804,0.269577765165189,0.26369253886333,0.187647590205711,0.280445833220893,0.409751382956907,0.376683334721479,0.27301263425067,0.243414683527395,0.271646694322059,0.21118351077356,0.258996119848012,0.293792455423617,0.329145453989267,0.286660497293927
"APC UN Equity",0.13826288204292,0.270030086793094,0.280412270964379,0.162794189912441,0.130200721491953,0.13907790482405,0.435377055908353,0.399688627976729,0.416302813911497,0.305142851741476,0.346227806450285,0.278568597790503,0.252029455178043,0.300901656423564,0.152866773649249,0.253468932002877,0.229348848749194,0.254829638225062,0.319829536365816,0.27598865835242,0.232539030394338,0.463355618311262,1,0.745828269755376,0.204909357781385,0.234988815433365,0.225187889137185,0.165809870699195,0.238594101459596,0.237320697424085,0.238842113142407,0.307669294410198,0.230436675884741,0.262448894443211,0.325029174870753,0.267395716901773,0.337849212268003,0.21340552411366,0.192709460315205,0.52746812974602,0.525446832046103,0.213114368844812,0.336075628745388,0.38290749293358,0.257148792058513,0.239969270638747,0.274612606932361,0.293872348879733,0.187455961234077,0.257855997801913,0.379141982435878,0.106246954212503,0.251958321454563,0.185932792634018,0.192484095154682,0.313166889975017,0.372263983316892,0.26553222164097,0.36373223108633,0.370099068325392,0.213177820688992,0.267403493229139,0.450982251239731,0.3991058278555,0.278254667025908,0.262204969908695,0.238790918763952,0.141304659930691,0.328344442151128,0.420414014364166,0.438289011802366,0.388120971457303
"WMB UN Equity",0.179672606694359,0.302374358863674,0.366113830286685,0.174315051570903,0.142637366603137,0.199218702880763,0.474624568935609,0.418549642511074,0.504611519840277,0.306288833288316,0.352342228054233,0.327421220865075,0.280264277571503,0.339916377569215,0.20808900869768,0.315153676995018,0.246366944900426,0.276606459621961,0.340684402731598,0.333414665105867,0.303299514020299,0.466175968345404,0.745828269755376,1,0.185649583082172,0.247454865337766,0.157251661048771,0.195862790157688,0.226125930957267,0.190528900894928,0.261478423584602,0.313255990891356,0.230790350613802,0.314412523362248,0.345812350954776,0.26976519297748,0.386113046465332,0.232122938682276,0.251334151873238,0.518591908736096,0.561386814623832,0.249520224651098,0.352611546211579,0.428407908407675,0.304487831093081,0.263326248286141,0.315597208093034,0.312904743586452,0.263958430797092,0.340850346833173,0.421908185952024,0.134469192139419,0.260942664147618,0.225691577347987,0.243425517384543,0.387231057347031,0.439309534933226,0.314400062094648,0.381697540508139,0.396951305251999,0.269775754800014,0.316277753297152,0.48904955168508,0.391711757506981,0.302229989271683,0.260773817939117,0.276190763133127,0.17456675162854,0.36732541136212,0.376895805695136,0.414257099715065,0.374620738622402
"CVS UN Equity",0.0735757574796771,0.251574227768124,0.257776817325498,0.128478599513017,0.099029328159226,0.138732290103043,0.305475568270005,0.307188861479388,0.266053407928392,0.296203983514452,0.234022412805033,0.288429937319237,0.13846706572221,0.365663563518374,0.187218896319494,0.308747769716675,0.150927591568726,0.273493016440911,0.149182106110888,0.230449386486385,0.228563421523374,0.17230158034122,0.204909357781385,0.185649583082172,1,0.239141044231269,0.202004776091582,0.249773808115672,0.198738668426413,0.178771689823216,0.219372237693997,0.178709598184673,0.185636558222855,0.195002005078841,0.313520004116078,0.3399619722007,0.171659558490908,0.0919881820691942,0.216499348278384,0.237478572376906,0.281676500645005,0.328403387064117,0.372776227642975,0.263257953032749,0.236274362578429,0.163572637519313,0.257546589440496,0.178290109025605,0.21142140473655,0.275165767486724,0.214566113224437,0.23903159707238,0.220876906276593,0.259739942512809,0.0950945294298938,0.226438095289013,0.280866258806223,0.113069617989912,0.22805731250517,0.179458566643916,0.145003391577332,0.242813923846537,0.363566346119068,0.289110733495805,0.205424569092996,0.216525413919339,0.168779310708394,0.244358705429724,0.197558074798438,0.246750309098915,0.177623443486538,0.25152726305375
"COST UW Equity",0.166542561907068,0.361139378978194,0.284275977699308,0.185481667857171,0.130394782297772,0.180977556313846,0.341849794640635,0.423465409036737,0.338590626989692,0.231149284559819,0.302488116404592,0.4323422055149,0.234244078516157,0.315151972344362,0.312558827998716,0.409809911604538,0.270561129360541,0.422649681964464,0.237049454816104,0.338294430586902,0.350863206499188,0.249818874842706,0.234988815433365,0.247454865337766,0.239141044231269,1,0.224859245332443,0.237022835850976,0.226082934625255,0.2131714625981,0.220503782634085,0.214186691130555,0.183142122002529,0.301027210077601,0.37223305574969,0.322329816926609,0.275563591375342,0.165313061422443,0.312645042297001,0.369354368400417,0.325540172770173,0.294306218603539,0.42864152402534,0.321474442786967,0.292058269403992,0.121708167488472,0.302336431543069,0.297755824152218,0.314373735334201,0.407408779075928,0.30487039948645,0.286673418369276,0.316615264210167,0.233168531039379,0.138604510816508,0.359972052354361,0.375024765721468,0.277969914871232,0.321461453719724,0.267007163998305,0.275342041039009,0.283700602055807,0.431458177431301,0.318606343500642,0.367343047522604,0.194856043485621,0.347883709716195,0.282251853503066,0.246915708420721,0.263834168447123,0.244832700688784,0.25767591349863
"WFM UW Equity",0.115321408005793,0.2664808259793,0.219264178729205,0.144558623865578,0.133159063306007,0.132787159172314,0.210877420231432,0.299074220451879,0.199764388084929,0.139865891870282,0.158429201249564,0.215955284304592,0.211653019103686,0.253554100265134,0.217580599449492,0.222734224856868,0.214046074729088,0.156243718900146,0.236631712786089,0.176145366241758,0.196982377189242,0.164682767447135,0.225187889137185,0.157251661048771,0.202004776091582,0.224859245332443,1,0.114679735437503,0.127549974856998,0.0623286972343158,0.0905406028177364,0.123161589240488,0.0590665573616428,0.237101608151468,0.186868887148861,0.183846906958328,0.172728571036466,0.137987273748117,0.101316153293928,0.181657468872543,0.23550498049138,0.201743462975192,0.264542100301809,0.163295029106044,0.184642853135206,0.0907547761458058,0.121849998075405,0.144389556487336,0.206377312017326,0.256422294148799,0.220040692677621,0.208644341712072,0.262812085573952,0.212616602009185,0.0828202117227782,0.203508552925989,0.179219174911754,0.157626535935698,0.2140681896783,0.125775255953976,0.131895875866421,0.168287511364723,0.263837631754936,0.213813278500155,0.168911419820573,0.158577271185696,0.207621452496906,0.147948587665488,0.227284020719424,0.0947920578155846,0.128644463421072,0.141058060547961
"HSY UN Equity",0.0953105964704846,0.18585023265842,0.229486169302563,0.140273700806687,0.107351096866682,0.0985564457829156,0.229832845468213,0.224176953915695,0.21140362085175,0.254972833871382,0.235031042110742,0.339594517709922,0.15050517481398,0.253190502047601,0.112017692599805,0.330081693411314,0.150957377456816,0.308225961093379,0.10769276572821,0.227496527494084,0.226310902346396,0.212223663845231,0.165809870699195,0.195862790157688,0.249773808115672,0.237022835850976,0.114679735437503,1,0.281481518351018,0.182948097426237,0.213595625852547,0.183031222808975,0.212313808559922,0.226085985004977,0.352348374164073,0.334143833946389,0.196727778147776,0.129512444345949,0.236017139239546,0.192268884745409,0.239382486874489,0.234016175001249,0.325477365367049,0.264600305677722,0.22246786318261,0.0863271306090773,0.313107295034862,0.241452054571204,0.224836004558653,0.237045887406469,0.16415868863737,0.184626115529501,0.180281433177102,0.133128724529894,0.085041416261413,0.234290885794744,0.293896787931077,0.20158258767204,0.167134983806641,0.153239285154842,0.125809962796805,0.183049247149037,0.338091536299764,0.286415950498303,0.265201454177333,0.163547489700467,0.163622024408192,0.194094596171826,0.198125496988936,0.236391451770945,0.234220192219259,0.194192217746937
"BF/B UN Equity",0.110924392000783,0.16314067248056,0.290811885694072,0.133850330930375,0.0786544877064116,0.0664237889904991,0.228294082084429,0.302857001986123,0.216134542040442,0.257032842350475,0.309387419362744,0.262072809672188,0.160564381024436,0.267795609538063,0.143997194875984,0.274052894473913,0.164504825582141,0.274954042937849,0.127903277914168,0.19141050213112,0.213154910908844,0.240089644882179,0.238594101459596,0.226125930957267,0.198738668426413,0.226082934625255,0.127549974856998,0.281481518351018,1,0.257371436049656,0.234672833504025,0.162974848759894,0.189017561534628,0.188821961927269,0.355093520018804,0.280674779204803,0.204958546169625,0.148978557823183,0.252517951308839,0.186108996325599,0.274253313146784,0.22123815486183,0.284093759293254,0.266326202150701,0.146529570678196,0.0947252127821046,0.232533376119837,0.210281577590804,0.133076138560225,0.185920500346621,0.225057409885257,0.134026134053509,0.192972422917113,0.126756323266721,0.071756896920752,0.211056903795774,0.255292564205761,0.171526303426232,0.201715994402454,0.172559313868711,0.100777225976366,0.185061663082797,0.315420389622993,0.285055145960981,0.251589855524132,0.173619185333024,0.154434687019591,0.150749831243493,0.218934026814035,0.252586004727238,0.248261252295753,0.299197976171263
"TAP UN Equity",0.0498857890681425,0.156072166631899,0.168575442700434,0.0711424570140261,0.048677817461915,0.0683880541757304,0.198788141408609,0.187929354661861,0.117366013241451,0.17660257127906,0.234310339529559,0.187343345557997,0.0991910378264066,0.178221408177396,0.102294071028314,0.180400512203684,0.125529836896979,0.264396699614519,0.120700549382375,0.121299433696168,0.14732803098153,0.186132821177023,0.237320697424085,0.190528900894928,0.178771689823216,0.2131714625981,0.0623286972343158,0.182948097426237,0.257371436049656,1,0.1446531592578,0.12500348247334,0.139635044467267,0.124227925434391,0.256651125330157,0.194901673017801,0.144205215077904,0.086233386234477,0.112745366116421,0.177275578033375,0.186185341786858,0.139804556556172,0.221707207646983,0.219107226944031,0.14749955223549,0.0579013180670234,0.190567037297845,0.13368046049439,0.0924637933228492,0.154506995259874,0.158396475210732,0.0741884005923772,0.12716463770451,0.0649361248690109,0.0878256981130955,0.140379868630927,0.203867509800775,0.158254646318211,0.190239386228492,0.222400751315691,0.118333994368357,0.172777641156497,0.263142659770582,0.217302063197915,0.16806070564479,0.127346130338369,0.112197555173142,0.095193841352552,0.117157804522232,0.227087849751768,0.224139322966294,0.229419862100126
