"","F UN Equity","HOG UN Equity","JCI UN Equity","CMA UN Equity","ZION UW Equity","PNC UN Equity","AME UN Equity","SWK UN Equity","PWR UN Equity","RSG UN Equity","WM UN Equity","CTAS UW Equity","HAR UN Equity","LEG UN Equity","MHK UN Equity","YUM UN Equity","RCL UN Equity","MCD UN Equity","GS UN Equity","NTRS UW Equity","BLK UN Equity","TSO UN Equity","APC UN Equity","WMB UN Equity","CVS UN Equity","COST UW Equity","WFM UW Equity","HSY UN Equity","BF/B UN Equity","TAP UN Equity","ABC UN Equity","EW UN Equity","BAX UN Equity","EL UN Equity","PG UN Equity","KMB UN Equity","UNM UN Equity","XL UN Equity","MMC UN Equity","FMC UN Equity","PX UN Equity","SEE UN Equity","CMCSA UW Equity","TWX UN Equity","IPG UN Equity","ILMN UW Equity","MRK UN Equity","AGN UN Equity","EQR UN Equity","BXP UN Equity","CCI UN Equity","TSCO UW Equity","GME UN Equity","KMX UN Equity","SWKS UW Equity","MCHP UW Equity","INTC UW Equity","SYMC UW Equity","VRSN UW Equity","ATVI UW Equity","FFIV UW Equity","NTAP UW Equity","CSCO UW Equity","T UN Equity","VZ UN Equity","CTL UN Equity","R UN Equity","LUV UN Equity","UNP UN Equity","CNP UN Equity","TE UN Equity","AEP UN Equity"
"F UN Equity",1,0.863430303409577,0.87678141746137,0.872034167448953,0.855945001889435,0.859214268712058,0.854856091256059,0.859234366095846,0.876714827007905,0.866896762278446,0.858199311841832,0.878990224730273,0.869520425878293,0.86409331983826,0.860343378036798,0.873229114385055,0.870014707869085,0.85740089949372,0.875313470773109,0.869347756107449,0.870573463573707,0.850503596438474,0.877213593534569,0.86910336722272,0.86061552019388,0.863976546488512,0.879624715355268,0.851179500817804,0.863520003507769,0.865740028822754,0.864957505878822,0.855154654073379,0.854009100223097,0.860478550899646,0.863578485704885,0.863639662954091,0.871315240817794,0.879732748722802,0.863156882196592,0.871752863088956,0.872125947799058,0.877986917424495,0.867149205580962,0.86982688010232,0.87769403272931,0.856682866131562,0.845301989820662,0.859531949172669,0.872685812922552,0.871948931414585,0.866737494026763,0.848358936391488,0.876685347176404,0.859909405645811,0.856540313007618,0.854967683814083,0.865227646138263,0.871662899434766,0.849608346108084,0.867275302878613,0.850918685062506,0.864603025397596,0.873836933325381,0.862164717884239,0.86175237080897,0.878333931672652,0.865138348569316,0.858285191179828,0.848603438300899,0.850168738241692,0.85561019670927,0.852669631203408
"HOG UN Equity",0.863430303409577,1,0.901439937973253,0.881305792065884,0.865706189640964,0.892416585551344,0.888514882102382,0.913478785902171,0.890712453290441,0.882556561090373,0.877982358451602,0.894740807604601,0.895266342722946,0.896425752072297,0.907702185479466,0.903798481108007,0.894019394643581,0.874704554169469,0.898206681607568,0.89753809613241,0.891406177478746,0.86961038270527,0.877409814674945,0.888148756624376,0.888285033837798,0.882839488391926,0.891484796609786,0.868012689645227,0.884887709064804,0.875163218814501,0.872881563406523,0.868665106069837,0.866769277457899,0.904178936377018,0.887647465023368,0.872627225348706,0.904488363735965,0.882534411317893,0.878382547140547,0.885094952519394,0.904956543569924,0.898447146170335,0.890328919898817,0.902825755729894,0.893512889426435,0.882718015789348,0.87366709597256,0.871747558781751,0.899347863084397,0.906498650069223,0.899602437626752,0.873711811641766,0.878361978464673,0.88997470496029,0.881415578078597,0.883375352444226,0.891788959597646,0.893511047336561,0.881361725261819,0.874587184499424,0.858928834030747,0.891055201847692,0.892384506277166,0.880961274731135,0.881440647337721,0.883946493430746,0.900209722254816,0.887132810361785,0.893326208078826,0.870304751821692,0.863368060423676,0.866384960154447
"JCI UN Equity",0.87678141746137,0.901439937973253,1,0.874712986154412,0.867858104219731,0.880456420660468,0.885627095496399,0.898705130259354,0.881261207237521,0.884091342701149,0.888786536629991,0.894984190672159,0.893007702697014,0.891801287825587,0.896218591949469,0.892346303810293,0.883563762182102,0.883372195701481,0.874278453668026,0.882341310047074,0.905340419331309,0.856086606263312,0.886112976155563,0.887803351190898,0.882319127434939,0.881548207044901,0.871742981625587,0.874503086936507,0.879223621511382,0.887086614411747,0.883443520970095,0.861168347294503,0.870595182316074,0.901626482190988,0.886731746750619,0.87799242446554,0.899644994314677,0.886228992303252,0.886669839717336,0.888501828827306,0.896230545008425,0.885716179007752,0.892332102652353,0.890328079858042,0.882938765581678,0.873637790915148,0.874172235459985,0.868486736445627,0.895183750727459,0.901997009344527,0.885771885691108,0.873555062809171,0.872673931886588,0.869745706456122,0.875065917074208,0.875680556624005,0.887573870570158,0.881448960189633,0.864817617295168,0.871466904409438,0.873500445577511,0.880941108930863,0.898098280655534,0.877107809588038,0.882516826916924,0.88229749439558,0.894755929748124,0.873476661736444,0.891665166810696,0.86677345432109,0.875190888834226,0.880343738562056
"CMA UN Equity",0.872034167448953,0.881305792065884,0.874712986154412,1,0.920818960911223,0.91760214543899,0.868526020464248,0.886117050995641,0.866517225694425,0.855871717402951,0.853862444015943,0.862347482891781,0.861932563374958,0.879999834891765,0.880188142576198,0.88273710362883,0.888809726746908,0.861274711635816,0.891078405572435,0.887366743299598,0.901174480058518,0.850265122785826,0.86830445720645,0.873317698048525,0.854404725153089,0.87518307024686,0.864097392513237,0.85875613784129,0.85932154657313,0.855103582295264,0.862003171341084,0.850076751892086,0.855887189379082,0.87836959401495,0.869172328897122,0.8561754821334,0.885145529816282,0.888480070495342,0.878088672224282,0.864733629637719,0.870581199646873,0.884977080843775,0.889500078654928,0.872492508297621,0.861286265067724,0.863598022823248,0.84678446894431,0.859576748121811,0.893183763759854,0.896018478959189,0.873216806442436,0.859521652465749,0.859612888389721,0.882707108053934,0.867700243093081,0.875587066554506,0.87383900435773,0.865390285121995,0.863670520877672,0.860413572566765,0.847926768422617,0.869090475284242,0.880209327807028,0.874097537615149,0.872526287240868,0.868593532764043,0.87062645765193,0.880195809775631,0.865397100997054,0.85444882329904,0.854302650881017,0.852816000828187
"ZION UW Equity",0.855945001889435,0.865706189640964,0.867858104219731,0.920818960911223,1,0.912024339018033,0.853126926400041,0.872406028770193,0.845807415250011,0.859980139905079,0.853259521796734,0.846979536815366,0.854337718561731,0.860910167887297,0.860691623769397,0.857116296975822,0.860032385945982,0.854952911601452,0.876264400658675,0.875359917667411,0.865857492669452,0.831599663178693,0.851549703037714,0.857516728805125,0.860101861003512,0.858380397170955,0.86373118150259,0.859268200888318,0.851691466088354,0.85021426450399,0.834864430596305,0.830167315041364,0.849244842218471,0.87535083031702,0.867791080558083,0.855752670406894,0.883027656020636,0.870120866316747,0.869730627137684,0.855015505289759,0.847123804863984,0.868734326881111,0.881501310978762,0.857273423866464,0.850282703906269,0.853493863879814,0.837007188553899,0.838262559095032,0.872059876944476,0.877760662451575,0.852335782616307,0.840406648725224,0.837683616091521,0.859822249684839,0.858879988447972,0.85410518045713,0.854358484409617,0.846936577149456,0.861637556349852,0.847575337875132,0.843260448192685,0.860683734990392,0.862116010190937,0.857521552560546,0.858068089624268,0.840651521605773,0.860268912835977,0.866927538141464,0.857711772314621,0.84424026152229,0.847451088364705,0.84195462603541
"PNC UN Equity",0.859214268712058,0.892416585551344,0.880456420660468,0.91760214543899,0.912024339018033,1,0.857592145276639,0.887197166998454,0.860546745253898,0.865798299701585,0.852328283756455,0.85749537065101,0.866402168338092,0.878274202728994,0.887862158608946,0.864504162598438,0.880224543936175,0.851216760435581,0.899972464271832,0.912428669790581,0.883126736047629,0.833735156822428,0.852414906973578,0.867503893365968,0.8737647187501,0.863272542647288,0.875367446853731,0.852585690568139,0.859435413048093,0.853930609609548,0.861227040741288,0.851209963800458,0.86576957466505,0.877203313811658,0.86868485530713,0.856810499986469,0.901473749524135,0.89268017415779,0.878102048162374,0.868174011053626,0.860697784234183,0.883191747867347,0.890094305606186,0.869760032009788,0.874865467753868,0.870463095765968,0.846998438178478,0.850926855461285,0.902679556552605,0.908319007371612,0.868647481413677,0.852548115907483,0.858580455608448,0.878031964725855,0.866517206461962,0.85651760049609,0.862080753154391,0.866001615255609,0.860702635777063,0.85804134417467,0.843963827829026,0.868523617200153,0.862802832777218,0.868114871854948,0.854629508871777,0.851133229300137,0.884765109709732,0.874195335049894,0.868169318402581,0.847992806013631,0.843878060558233,0.848998901004593
"AME UN Equity",0.854856091256059,0.888514882102382,0.885627095496399,0.868526020464248,0.853126926400041,0.857592145276639,1,0.904212395460257,0.914275961065544,0.891116565034795,0.900357789037475,0.90598708924339,0.876929842375549,0.894833588999454,0.867917661314133,0.891058984554494,0.867022068784122,0.892731689482107,0.890864489794652,0.896698081349042,0.901476464260121,0.886115323664994,0.902342576081964,0.908645187252621,0.891000426793272,0.882919829416401,0.871223256095077,0.880660741252807,0.882675205031969,0.882561276128827,0.888154659637793,0.883522885718241,0.882682917279255,0.882284747009348,0.892513455981037,0.89053598312394,0.881748183248837,0.887436504128401,0.881879078194101,0.906149022354639,0.903550009246265,0.884646812962317,0.900927301758049,0.889967590427514,0.887345308032416,0.883045341046559,0.882883882130893,0.894872786593873,0.883584592762159,0.889979239503044,0.89914224005131,0.874760808217483,0.882857247927641,0.872039556180526,0.876597994750001,0.894646891170788,0.909150502266154,0.891263682103023,0.890975624844289,0.901818502860011,0.890362888649911,0.894341520361665,0.905084022081536,0.902499639893363,0.906114654641814,0.889002858681425,0.876104847511472,0.874745496368335,0.890498918684013,0.893702961262092,0.892649494252273,0.889916716652721
"SWK UN Equity",0.859234366095846,0.913478785902171,0.898705130259354,0.886117050995641,0.872406028770193,0.887197166998454,0.904212395460257,1,0.902579700727021,0.893645726942104,0.882990462841648,0.901671690298315,0.904048249227849,0.909023711307115,0.920979896928899,0.910747546691903,0.901613333362078,0.881303270154236,0.891573495792533,0.903183045327044,0.902689937176438,0.883806475780192,0.891281496861663,0.901934769448762,0.889745822884521,0.893702397437731,0.890934767304862,0.868186306653382,0.880393411194007,0.883848203377364,0.883089775026291,0.86916021400804,0.882485877681469,0.903421710418416,0.900240954832884,0.879781314600487,0.901717270574717,0.890129917578038,0.88767702018208,0.896984171467608,0.909678647760153,0.903314886518821,0.899018797970056,0.908760036318817,0.893560205612484,0.884556255283986,0.866261571947386,0.882756085272918,0.892528276505038,0.899920688896684,0.897768769521522,0.865935093993863,0.889753551302769,0.900520459427687,0.875363956684795,0.888719289103203,0.896538857695459,0.883952959863044,0.884134641377101,0.874341740517144,0.863292379992416,0.890252703461576,0.907815366846551,0.897432872966675,0.888713183901485,0.888906975959333,0.904509147572429,0.893024537226186,0.902251084808192,0.874835179549562,0.880236935046047,0.880932194547602
"PWR UN Equity",0.876714827007905,0.890712453290441,0.881261207237521,0.866517225694425,0.845807415250011,0.860546745253898,0.914275961065544,0.902579700727021,1,0.887409735076517,0.886262886172796,0.892746298931817,0.882380975652941,0.885322420176907,0.8783132276692,0.898959382334579,0.878387259545371,0.894570376919921,0.889318249075598,0.899987330365625,0.896823357597888,0.893327922226979,0.91395706072857,0.920434856487264,0.882123450816811,0.890711160672199,0.881125035829455,0.871534422891937,0.884152936900919,0.880206946200974,0.892322412123565,0.890542678019264,0.875358523417085,0.889581498500683,0.886589421151261,0.890059792494711,0.895132542051586,0.892644881000676,0.885374745847278,0.909551895876586,0.909909002949387,0.895941146152751,0.900678819568313,0.892871613229756,0.898788388632866,0.890699233784348,0.884688458470587,0.895167266738117,0.887699673073804,0.899080025355759,0.903444535005492,0.868965077494955,0.889954148837338,0.88244126906525,0.877722512578332,0.899386010801515,0.900677105080504,0.90280068338343,0.887917289901287,0.905433426332807,0.869923859484125,0.887508005697169,0.906522934811746,0.898012587810647,0.899780708077709,0.89215278654944,0.877461455301579,0.876536747902308,0.87900404202596,0.886131517186112,0.894922905402167,0.890906204550045
"RSG UN Equity",0.866896762278446,0.882556561090373,0.884091342701149,0.855871717402951,0.859980139905079,0.865798299701585,0.891116565034795,0.893645726942104,0.887409735076517,1,0.893811056428031,0.895025227970882,0.86715342738496,0.876502955288141,0.868792999017214,0.881301013362397,0.862506306195401,0.874820948303347,0.881008843541613,0.885377613565375,0.894161102810021,0.875747524768724,0.89087141789143,0.899341985928117,0.886315739270634,0.893014103948427,0.871535443258462,0.879899921664723,0.879965701755814,0.886359969682921,0.896398407348912,0.883169814196686,0.882953170159912,0.882006578322811,0.888396944228607,0.886466514896349,0.875749761752054,0.872778149568787,0.865427961794181,0.894667043820119,0.900906008077141,0.880900741574429,0.899251401717985,0.893293517840242,0.881229438455663,0.877828045872367,0.876809755491284,0.876661847150919,0.873578045033051,0.880876275675138,0.895062421400101,0.879206253352926,0.876266376657978,0.873494958440661,0.863237877031762,0.883426114963277,0.882056515203432,0.886149450462933,0.873709538453334,0.876609145943206,0.873983563852353,0.880579166687657,0.892824749002485,0.891747568420591,0.885160635928955,0.892706760559097,0.864086610414978,0.879128389424717,0.884315707832132,0.893338050861266,0.878704867853609,0.892870113321751
"WM UN Equity",0.858199311841832,0.877982358451602,0.888786536629991,0.853862444015943,0.853259521796734,0.852328283756455,0.900357789037475,0.882990462841648,0.886262886172796,0.893811056428031,1,0.90143631014007,0.873406294141095,0.883870419780347,0.861510649344682,0.882353285335361,0.861502083586521,0.89045155841299,0.88285196644135,0.883628203380458,0.884195854957655,0.890180443646262,0.899355908123991,0.896220288262232,0.895612644334751,0.888392169869596,0.873705005028352,0.880301603776189,0.898248275156757,0.90185576044132,0.893202939526431,0.886157143800876,0.885819767670222,0.883493545370569,0.902821485270477,0.90424845114927,0.882482909128387,0.886743915013276,0.89150990932171,0.898427545687551,0.898446478078717,0.873244385174705,0.896658983576628,0.898870085382963,0.885581649906443,0.882233561790931,0.893604509751529,0.882127498405861,0.871319186515156,0.874810431807925,0.886883349966114,0.872669015707608,0.880549253665166,0.864295272057582,0.863263417019361,0.886379853461588,0.89717623755069,0.890178087149288,0.882655678725807,0.896405532523137,0.876822283002583,0.889062409241249,0.900041863097426,0.90397258944544,0.897084459913676,0.8977649146918,0.873946228293067,0.87017457904491,0.879228261869621,0.903822782863133,0.886681684887769,0.909287452956468
"CTAS UW Equity",0.878990224730273,0.894740807604601,0.894984190672159,0.862347482891781,0.846979536815366,0.85749537065101,0.90598708924339,0.901671690298315,0.892746298931817,0.895025227970882,0.90143631014007,1,0.877966289933087,0.898604373074639,0.878126052914556,0.910952568134682,0.871356784305898,0.894105424291081,0.888051413301077,0.887126064068559,0.897124642383031,0.886658750889239,0.88122864667625,0.88669793515046,0.893895992188098,0.901143231727852,0.875798467365815,0.894215798818935,0.88486428878218,0.886638411587067,0.891948239589858,0.87397118243795,0.874769339824531,0.887850773462125,0.895169019411992,0.899263227903282,0.890677630616986,0.882899139687655,0.883984648354815,0.892690461701055,0.900055967672857,0.888206100766105,0.903375590955903,0.895174376187455,0.886237044360053,0.871823645368467,0.878353937793273,0.882620562214627,0.885879743992655,0.889442051691554,0.895302887575988,0.891318370310143,0.888831851840983,0.880592358298725,0.870579468691156,0.885452169779234,0.902865115824693,0.893755372457418,0.87889498077199,0.880506308520232,0.880560391418427,0.889317342114437,0.905917601045126,0.904837902878312,0.901020434580242,0.89165957644076,0.887655537615093,0.888329469980874,0.885037205658475,0.884332403657676,0.880249188255021,0.888188093400503
"HAR UN Equity",0.869520425878293,0.895266342722946,0.893007702697014,0.861932563374958,0.854337718561731,0.866402168338092,0.876929842375549,0.904048249227849,0.882380975652941,0.86715342738496,0.873406294141095,0.877966289933087,1,0.88776784353168,0.88651661552856,0.890706648252058,0.877916680049999,0.877171129960545,0.873135443782935,0.886002103983284,0.883277459313173,0.860661895627614,0.869864391966889,0.8755749276031,0.866746599137428,0.868654489417595,0.887645384651659,0.855045859832292,0.868845551427141,0.874539681607755,0.874297647919115,0.859599835314029,0.872643964613938,0.888976817669588,0.870192114735759,0.864069320146842,0.888276304951885,0.881627916296022,0.863149652197946,0.877284263303162,0.885376712964552,0.881789820021148,0.874359097884186,0.892371285281064,0.89440944624061,0.865626436227526,0.853031372975481,0.862916218321925,0.87656236554293,0.88867274420847,0.889116304709105,0.860881119047738,0.870685409513551,0.873030996954197,0.872360549029048,0.874227104033648,0.878862536428228,0.877573713737072,0.876875298622841,0.863337633545545,0.867365214482197,0.874807827537527,0.879494215363548,0.867885348170527,0.871693613859507,0.869575168529892,0.885023232338902,0.872760459289583,0.87212438893119,0.861469696426736,0.868114074408571,0.869066743925173
"LEG UN Equity",0.86409331983826,0.896425752072297,0.891801287825587,0.879999834891765,0.860910167887297,0.878274202728994,0.894833588999454,0.909023711307115,0.885322420176907,0.876502955288141,0.883870419780347,0.898604373074639,0.88776784353168,1,0.901818707388687,0.902455413556322,0.878863200859956,0.888717808225012,0.874090893188547,0.893918112372992,0.898299679465207,0.873652178679022,0.881832804160458,0.893069538778961,0.883098246700367,0.889484773131722,0.877638189359293,0.87667439017904,0.885369947898373,0.876076376043231,0.885602422696412,0.868928756390504,0.876268430084795,0.888091358266421,0.9008008225678,0.889928272144748,0.89638555928473,0.885795535643749,0.885173875196019,0.887530983160176,0.894858386545176,0.902359919454102,0.898789185908676,0.894923965036774,0.879473954327745,0.869984546531788,0.871454428265112,0.880447907229507,0.892602120452986,0.901113638891955,0.880677766424839,0.880976708975842,0.875829495273676,0.89117564673007,0.875482101772162,0.876989858394977,0.892601978140006,0.886079755565246,0.865604261582522,0.877712640803988,0.874384790969267,0.881163391932474,0.906905967646445,0.88888573017412,0.881995340049018,0.879809943663959,0.893398969466711,0.889007939285111,0.895809369665342,0.882240875108861,0.870965668155162,0.876943751116362
"MHK UN Equity",0.860343378036798,0.907702185479466,0.896218591949469,0.880188142576198,0.860691623769397,0.887862158608946,0.867917661314133,0.920979896928899,0.8783132276692,0.868792999017214,0.861510649344682,0.878126052914556,0.88651661552856,0.901818707388687,1,0.892734417829363,0.890947738539583,0.861929016296809,0.869782098155296,0.874110250288665,0.891707690118608,0.857668334313017,0.855901594249494,0.865823051075015,0.861500124253187,0.880872371528078,0.867012827778041,0.837385030095196,0.863018561676798,0.864663793153941,0.866246345916572,0.856116254233197,0.849273578795032,0.907609884231984,0.871327991349981,0.8571868929937,0.890851106972937,0.877431357818676,0.867200496935839,0.862143417248558,0.871184459542122,0.88613171786804,0.873642823380927,0.880570128567495,0.874471408312468,0.867657436280326,0.860095895609721,0.85248728198598,0.886351018349559,0.893027020155108,0.868322021494145,0.860624851532719,0.866916516613661,0.881817797757964,0.864135341835354,0.867444756118081,0.871013641645294,0.870061332831577,0.857078448380507,0.844393645681602,0.846903821737105,0.871613692828876,0.88258059496858,0.876143569772514,0.860067197389056,0.854266564909073,0.901646477125309,0.883354754245048,0.879943714146703,0.846070470660243,0.85749938365071,0.864210493443934
"YUM UN Equity",0.873229114385055,0.903798481108007,0.892346303810293,0.88273710362883,0.857116296975822,0.864504162598438,0.891058984554494,0.910747546691903,0.898959382334579,0.881301013362397,0.882353285335361,0.910952568134682,0.890706648252058,0.902455413556322,0.892734417829363,1,0.888749623363133,0.907318694755628,0.88311100443261,0.887577007582579,0.898967072561239,0.88708632579244,0.887071629322489,0.884552331348027,0.89721058497874,0.897437185360805,0.882850694630596,0.887261661451389,0.87957929406085,0.883643744200281,0.898583357597044,0.873914476463222,0.875312576682245,0.906754898821351,0.907436016060365,0.90602673722929,0.883318819637738,0.874774676033329,0.890357116612213,0.885141288133324,0.902486497995914,0.905140534644965,0.899222535249971,0.901474184776906,0.88949637231561,0.87447006326231,0.884741327031513,0.88957368946198,0.885260716192485,0.895182712243489,0.892267401733397,0.887481827449832,0.888245162590135,0.891804524309319,0.880033536159198,0.888745298443177,0.893874048047522,0.893252770561981,0.876465355387823,0.868867737336938,0.877028370698678,0.885346104293945,0.908504651302277,0.902339096423944,0.896442499078374,0.88725428345737,0.888270443933378,0.887553122190941,0.88636101122314,0.889918367440606,0.877880271744049,0.8780656110589
"RCL UN Equity",0.870014707869085,0.894019394643581,0.883563762182102,0.888809726746908,0.860032385945982,0.880224543936175,0.867022068784122,0.901613333362078,0.878387259545371,0.862506306195401,0.861502083586521,0.871356784305898,0.877916680049999,0.878863200859956,0.890947738539583,0.888749623363133,1,0.871249119577648,0.890291921941447,0.86718630506867,0.875405387134568,0.866605291359436,0.875201173722843,0.877583369675391,0.862733600926315,0.880180327736316,0.879245726908773,0.84148706503446,0.868808680110444,0.869335753316187,0.883949555112436,0.868636262661999,0.870089685579002,0.883032600134905,0.877860628926418,0.856644426642144,0.884168362874923,0.873628567648831,0.882680307826284,0.87005613350353,0.880600918918573,0.891466297878566,0.879775022635267,0.888520265700495,0.874076866167301,0.865301659298578,0.862917982874692,0.861037487716632,0.879932852694296,0.887199752569146,0.879018976363955,0.854669052991914,0.865497746215946,0.880289666528424,0.873317697093683,0.868451920069545,0.877133758105455,0.877084137718221,0.858505106176437,0.859262601738496,0.854134892011315,0.869206121066653,0.884099010177542,0.873088148833141,0.866563771454668,0.871693690939325,0.887207548629224,0.883691683231929,0.866880665665464,0.850882785158498,0.865452752652292,0.862461269012499
"MCD UN Equity",0.85740089949372,0.874704554169469,0.883372195701481,0.861274711635816,0.854952911601452,0.851216760435581,0.892731689482107,0.881303270154236,0.894570376919921,0.874820948303347,0.89045155841299,0.894105424291081,0.877171129960545,0.888717808225012,0.861929016296809,0.907318694755628,0.871249119577648,1,0.872892944929387,0.889872429586833,0.888778940550124,0.883125692879893,0.891144070992337,0.884894591440373,0.881866969717238,0.897606488043939,0.865177994906855,0.884955345711029,0.880935301953589,0.894880247857603,0.891094335626709,0.879303245265173,0.882767926192914,0.883993201295224,0.907691887889517,0.898641741383057,0.877114320262204,0.878116644585233,0.886556080049469,0.898062176423575,0.889469138891592,0.886214793277948,0.896285551710618,0.89747386946706,0.876874971630285,0.874096960765191,0.887972016531412,0.881863547686445,0.882089086446534,0.885035818781982,0.887048429563404,0.884723492854853,0.89027491017277,0.87281922002992,0.870441948101815,0.887835645648863,0.891270860781025,0.876006819540197,0.890177779642655,0.886870511708098,0.875664672082128,0.890983494327791,0.905125240467968,0.894293958738667,0.899632310044461,0.879720884975867,0.870187049280847,0.870849286338218,0.877806642480946,0.894724998208103,0.887471807587098,0.891580903268531
"GS UN Equity",0.875313470773109,0.898206681607568,0.874278453668026,0.891078405572435,0.876264400658675,0.899972464271832,0.890864489794652,0.891573495792533,0.889318249075598,0.881008843541613,0.88285196644135,0.888051413301077,0.873135443782935,0.874090893188547,0.869782098155296,0.88311100443261,0.890291921941447,0.872892944929387,1,0.918086711300871,0.898359045856235,0.867616008223481,0.886409237914289,0.897454519703576,0.885959657975723,0.878014060551242,0.884023639975537,0.866752549806612,0.872923761053013,0.872190347077701,0.887204264212531,0.866193095943816,0.87768014497905,0.885247323143007,0.878621245112918,0.868405657671332,0.913046488703605,0.896525822121277,0.878462985495279,0.893543290703271,0.897792435306746,0.887588493032842,0.90145476095526,0.896689036789034,0.887287395140155,0.890014552156713,0.870936488140929,0.881693492864422,0.893917195542166,0.902090900753633,0.906648889532902,0.851665445621409,0.873524240095476,0.874614224297633,0.882270534275757,0.877451652493628,0.890603652323157,0.885403923558608,0.895080510213002,0.884501382087719,0.86324265027548,0.887710822555062,0.900373888596106,0.894184469163246,0.890066783693032,0.894614059964423,0.877595099582949,0.87181913195752,0.874567236772352,0.879347206544358,0.881672364153603,0.886739617822411
"NTRS UW Equity",0.869347756107449,0.89753809613241,0.882341310047074,0.887366743299598,0.875359917667411,0.912428669790581,0.896698081349042,0.903183045327044,0.899987330365625,0.885377613565375,0.883628203380458,0.887126064068559,0.886002103983284,0.893918112372992,0.874110250288665,0.887577007582579,0.86718630506867,0.889872429586833,0.918086711300871,1,0.911608873043442,0.878868082530681,0.889341967017443,0.888092660144728,0.89597435818722,0.886564979513255,0.880613030578923,0.878072779594684,0.877178699403344,0.879874138454665,0.885881579760277,0.873709032349534,0.887223123088658,0.881206037120935,0.896528704612181,0.881614927477726,0.910661908382752,0.897298474904529,0.895814191260362,0.897680257850437,0.893495122456091,0.897074017946109,0.915626920297844,0.890323304315536,0.89273407240787,0.887210761403746,0.870635605405624,0.886475625787468,0.912044157450837,0.914312152177402,0.894888316572921,0.872454638055521,0.887034497054408,0.885489844771088,0.884210236153516,0.88416342567629,0.897839130178714,0.891320683718062,0.894945819961605,0.890289348570569,0.873268894284771,0.893551127803122,0.902641558222391,0.901612323632753,0.897490015612891,0.887770103897667,0.886752944153275,0.884102085655594,0.881225612520165,0.871611885623666,0.87040410528439,0.8814566640736
"BLK UN Equity",0.870573463573707,0.891406177478746,0.905340419331309,0.901174480058518,0.865857492669452,0.883126736047629,0.901476464260121,0.902689937176438,0.896823357597888,0.894161102810021,0.884195854957655,0.897124642383031,0.883277459313173,0.898299679465207,0.891707690118608,0.898967072561239,0.875405387134568,0.888778940550124,0.898359045856235,0.911608873043442,1,0.866818621633204,0.881497343454477,0.887586422497196,0.888320486260021,0.894713383167179,0.886781752961187,0.87523203521852,0.875813181640714,0.877946932130044,0.89451689263909,0.871815087667232,0.876452169835012,0.888624332571724,0.895517741892433,0.878657419574579,0.903598722604854,0.889931821802736,0.888400317868926,0.90048549855775,0.908224468195086,0.901291177962193,0.898979175338968,0.887001854941595,0.895777414329167,0.87992194082061,0.877903031511338,0.875826578844871,0.906100704225727,0.912599016280594,0.891172990232167,0.889360078370928,0.876711243734903,0.884871216385535,0.881926195119048,0.901307829147323,0.898598122975472,0.894521696321232,0.887525125505215,0.890326647646082,0.883824038778817,0.899914846159975,0.905582994848159,0.903766562406655,0.897973116082816,0.884393731332087,0.879466312348158,0.87313164132521,0.886371284314185,0.877958457629658,0.878381903027776,0.889348689932641
"TSO UN Equity",0.850503596438474,0.86961038270527,0.856086606263312,0.850265122785826,0.831599663178693,0.833735156822428,0.886115323664994,0.883806475780192,0.893327922226979,0.875747524768724,0.890180443646262,0.886658750889239,0.860661895627614,0.873652178679022,0.857668334313017,0.88708632579244,0.866605291359436,0.883125692879893,0.867616008223481,0.878868082530681,0.866818621633204,1,0.909049590044475,0.905490523482333,0.881733373556976,0.87617493374614,0.863620561901823,0.880970625891723,0.878270112260164,0.869408714568331,0.890724611042243,0.885302399721058,0.882286616855031,0.872101976905773,0.884717865689565,0.890487982948088,0.867175342983069,0.864770919753221,0.872579635352521,0.883036514199564,0.888734476767298,0.876395085566297,0.875674376897306,0.883701613511333,0.871146637922017,0.867255386860463,0.87468543054827,0.890410663862576,0.860859927976535,0.866075074247456,0.876000612284428,0.861887372889688,0.873535633722937,0.864320644986111,0.857459868095944,0.872928270243136,0.888452249907616,0.891793820021765,0.883628892421943,0.881321890141582,0.861251977501434,0.883352604905656,0.896666835171635,0.893149577524383,0.882858507396777,0.882523262447559,0.868157809046262,0.867729401974363,0.869648916632441,0.890335440497668,0.880178611456165,0.893906030245405
"APC UN Equity",0.877213593534569,0.877409814674945,0.886112976155563,0.86830445720645,0.851549703037714,0.852414906973578,0.902342576081964,0.891281496861663,0.91395706072857,0.89087141789143,0.899355908123991,0.88122864667625,0.869864391966889,0.881832804160458,0.855901594249494,0.887071629322489,0.875201173722843,0.891144070992337,0.886409237914289,0.889341967017443,0.881497343454477,0.909049590044475,1,0.944408395360189,0.89047034222108,0.886705969577973,0.878950939688067,0.876634441033426,0.884792346007579,0.887811243736431,0.891166605046236,0.89525438053268,0.892205565774741,0.879311680302069,0.89288481553788,0.881495074325849,0.889662499974507,0.896891126514505,0.880861486242504,0.91867205354485,0.913231027850346,0.886975331379585,0.89203068267037,0.905015331209191,0.893007528048997,0.87748289295929,0.879996138066059,0.901654164826338,0.876276506980494,0.887690261812174,0.901344850245332,0.859127439937023,0.881803026333964,0.872676622109103,0.87545540669627,0.892109592342636,0.889810578234316,0.892325212988605,0.887567988728101,0.906946046576085,0.878336621735187,0.887775635916121,0.909264746088668,0.917022402665146,0.900790361285732,0.898709314954067,0.877592387423569,0.863863096273999,0.883307398059007,0.906033758960444,0.911119522720868,0.91259463338693
"WMB UN Equity",0.86910336722272,0.888148756624376,0.887803351190898,0.873317698048525,0.857516728805125,0.867503893365968,0.908645187252621,0.901934769448762,0.920434856487264,0.899341985928117,0.896220288262232,0.88669793515046,0.8755749276031,0.893069538778961,0.865823051075015,0.884552331348027,0.877583369675391,0.884894591440373,0.897454519703576,0.888092660144728,0.887586422497196,0.905490523482333,0.944408395360189,1,0.884498795322246,0.885432844978409,0.880536888782942,0.87634808576134,0.884343840498004,0.878231082179341,0.894905242945299,0.891869315876978,0.889660602200758,0.891684775199281,0.896237404754963,0.881603745909415,0.896738456339395,0.896531048562109,0.878176569188067,0.914554395726571,0.91520855247867,0.889139374165572,0.891071129644487,0.907927123096121,0.894175069315724,0.885701149598608,0.888232958495187,0.892721319014811,0.889421010971539,0.90236168490449,0.913124563082775,0.862098417858356,0.885615294263566,0.866870311571005,0.882598713256454,0.898369457310644,0.907839637003744,0.901909939379694,0.889053619072027,0.906344184022726,0.893777465708489,0.889566226179963,0.910637767900421,0.900747593399167,0.895973990228106,0.896866765912555,0.890553026044376,0.867316972395028,0.894413412034646,0.897380623135998,0.905895168183815,0.902855159728611
"CVS UN Equity",0.86061552019388,0.888285033837798,0.882319127434939,0.854404725153089,0.860101861003512,0.8737647187501,0.891000426793272,0.889745822884521,0.882123450816811,0.886315739270634,0.895612644334751,0.893895992188098,0.866746599137428,0.883098246700367,0.861500124253187,0.89721058497874,0.862733600926315,0.881866969717238,0.885959657975723,0.89597435818722,0.888320486260021,0.881733373556976,0.89047034222108,0.884498795322246,1,0.883568112942376,0.884099469877737,0.882965161046203,0.88399719528127,0.891655160451704,0.892185352079476,0.87839802270243,0.877612706103935,0.87936002712368,0.896608174403563,0.89624634307461,0.881990842818854,0.883578952051897,0.898225695605432,0.897273103576349,0.893314069435572,0.896770819380416,0.905725388792325,0.891358443187957,0.889312425845454,0.877110576726379,0.879719120712115,0.883742293147389,0.86580126284748,0.878808493026716,0.882801779086077,0.872361017982615,0.87867416191128,0.872828101392099,0.872757741256553,0.878155196495078,0.894587221743707,0.886843498974222,0.880508078490637,0.88811844860135,0.88197344231387,0.887694788806289,0.903041866998433,0.898653977070701,0.897521015622086,0.892574452240811,0.877273087297073,0.872609372429392,0.878267401604362,0.897218295606041,0.890393610020232,0.893001495570413
"COST UW Equity",0.863976546488512,0.882839488391926,0.881548207044901,0.87518307024686,0.858380397170955,0.863272542647288,0.882919829416401,0.893702397437731,0.890711160672199,0.893014103948427,0.888392169869596,0.901143231727852,0.868654489417595,0.889484773131722,0.880872371528078,0.897437185360805,0.880180327736316,0.897606488043939,0.878014060551242,0.886564979513255,0.894713383167179,0.87617493374614,0.886705969577973,0.885432844978409,0.883568112942376,1,0.882639640713109,0.873826685126602,0.877893218483444,0.887931358918434,0.895257396123083,0.872317085577144,0.868638414074925,0.87775242135378,0.887929122265168,0.888501290194108,0.875556750396317,0.871247242219817,0.891969569758541,0.897141850534491,0.889727329664029,0.891472273097158,0.904172065661042,0.892449810612001,0.885842461350437,0.874803619730034,0.889850230825965,0.873519156129908,0.880041624960934,0.894175792683888,0.889466669769423,0.8815776515626,0.887208341995403,0.866573195366044,0.875756745326907,0.887668378159088,0.893511214482987,0.879988965274817,0.882595435157875,0.882065327489611,0.879431856680325,0.880738472555172,0.907958926132937,0.905971865812336,0.897634646348926,0.886756983787333,0.886013202229615,0.872738568548285,0.875636132336445,0.883106292003744,0.888104975075776,0.894192860823631
"WFM UW Equity",0.879624715355268,0.891484796609786,0.871742981625587,0.864097392513237,0.86373118150259,0.875367446853731,0.871223256095077,0.890934767304862,0.881125035829455,0.871535443258462,0.873705005028352,0.875798467365815,0.887645384651659,0.877638189359293,0.867012827778041,0.882850694630596,0.879245726908773,0.865177994906855,0.884023639975537,0.880613030578923,0.886781752961187,0.863620561901823,0.878950939688067,0.880536888782942,0.884099469877737,0.882639640713109,1,0.875854804339641,0.871465241611806,0.879403117517588,0.880576976983448,0.872116970415706,0.863216447062818,0.876853286604725,0.880843443620271,0.88404955991226,0.880519187134176,0.885401679106504,0.88327334329262,0.865839043974656,0.889449145160802,0.885878445048563,0.883473459028968,0.884379869487519,0.878854799600968,0.879032961431437,0.859073093368503,0.865693487916758,0.872720759043163,0.883174872094008,0.880799668703853,0.86442624668989,0.879149725383312,0.875321343265092,0.881139193920171,0.875654314354019,0.871616027663907,0.8721850568816,0.876176355307283,0.878132920338018,0.863041837458527,0.874856597969248,0.887340243985863,0.881774072427618,0.872357813234846,0.879309372103155,0.880655090673773,0.877818375489056,0.867921775388383,0.870457728467382,0.871445434051464,0.874891079198775
"HSY UN Equity",0.851179500817804,0.868012689645227,0.874503086936507,0.85875613784129,0.859268200888318,0.852585690568139,0.880660741252807,0.868186306653382,0.871534422891937,0.879899921664723,0.880301603776189,0.894215798818935,0.855045859832292,0.87667439017904,0.837385030095196,0.887261661451389,0.84148706503446,0.884955345711029,0.866752549806612,0.878072779594684,0.87523203521852,0.880970625891723,0.876634441033426,0.87634808576134,0.882965161046203,0.873826685126602,0.875854804339641,1,0.879230968619179,0.883540546428457,0.881514867621247,0.876884975559816,0.878662968350144,0.872240219633525,0.881056258401875,0.892431761502014,0.872372441330372,0.871038642804153,0.885713157874247,0.879635316844698,0.885749420412048,0.879972331733149,0.886483115392538,0.889522052369284,0.873027384299998,0.868472337980049,0.885928521429689,0.882759405680855,0.85685262849451,0.867335110300151,0.877288661678787,0.874536585134692,0.875529380852159,0.863617362738245,0.861768244717034,0.878338045646113,0.888723025324563,0.876533022526461,0.88705538987908,0.876188559744551,0.861123271227135,0.87151119846354,0.891781809254786,0.890770066863828,0.889441888501006,0.881764922007111,0.859652723449127,0.863766004020935,0.86630105132714,0.88803959625816,0.876606417048604,0.883592915241355
"BF/B UN Equity",0.863520003507769,0.884887709064804,0.879223621511382,0.85932154657313,0.851691466088354,0.859435413048093,0.882675205031969,0.880393411194007,0.884152936900919,0.879965701755814,0.898248275156757,0.88486428878218,0.868845551427141,0.885369947898373,0.863018561676798,0.87957929406085,0.868808680110444,0.880935301953589,0.872923761053013,0.877178699403344,0.875813181640714,0.878270112260164,0.884792346007579,0.884343840498004,0.88399719528127,0.877893218483444,0.871465241611806,0.879230968619179,1,0.891653078147325,0.903728721678505,0.870940143295466,0.886918137971612,0.883446703363269,0.902549974570594,0.891093811749248,0.880426680067083,0.873381734425355,0.873700098046293,0.890388963750799,0.892755280102579,0.874973854342906,0.89597081699554,0.896246764898621,0.885268675294563,0.872516926054913,0.888475061350194,0.881779390443498,0.874270259380548,0.882708382075775,0.88042319779226,0.871240804830916,0.888932794037301,0.863013570681129,0.870522253958141,0.879347202547109,0.891341155163355,0.8850179535175,0.88572984202033,0.887947574885782,0.862012875327876,0.888459047284352,0.893095933369144,0.893234784905889,0.898531421606052,0.898670184561117,0.86689327952357,0.866493599706497,0.884833137560237,0.89518504439186,0.88208764079224,0.888325918214651
"TAP UN Equity",0.865740028822754,0.875163218814501,0.887086614411747,0.855103582295264,0.85021426450399,0.853930609609548,0.882561276128827,0.883848203377364,0.880206946200974,0.886359969682921,0.90185576044132,0.886638411587067,0.874539681607755,0.876076376043231,0.864663793153941,0.883643744200281,0.869335753316187,0.894880247857603,0.872190347077701,0.879874138454665,0.877946932130044,0.869408714568331,0.887811243736431,0.878231082179341,0.891655160451704,0.887931358918434,0.879403117517588,0.883540546428457,0.891653078147325,1,0.892815309789488,0.890086748562675,0.870204250291912,0.881187913214256,0.896029779448583,0.889752029095118,0.882769964960402,0.886495005357418,0.876025859901969,0.88440294321017,0.885505166163366,0.882926627164176,0.894842785533777,0.881221924875125,0.878001021589137,0.87471862857649,0.884049275909141,0.88126680484883,0.881607499753576,0.876780795620564,0.875675098073073,0.869792870682363,0.878929121851509,0.855344197635781,0.865499239543897,0.866551398465387,0.877103920163833,0.87824104278923,0.888134638197265,0.888669140821678,0.865140039016653,0.878512179913936,0.891573302577479,0.88484814653914,0.885804266125579,0.882465870917407,0.871996196136962,0.864771814092261,0.864753370872088,0.887532177532891,0.889268964297632,0.887510891524994
