"","F UN Equity","HOG UN Equity","JCI UN Equity","CMA UN Equity","ZION UW Equity","PNC UN Equity","AME UN Equity","SWK UN Equity","PWR UN Equity","RSG UN Equity","WM UN Equity","CTAS UW Equity","HAR UN Equity","LEG UN Equity","MHK UN Equity","YUM UN Equity","RCL UN Equity","MCD UN Equity","GS UN Equity","NTRS UW Equity","BLK UN Equity","TSO UN Equity","APC UN Equity","WMB UN Equity","CVS UN Equity","COST UW Equity","WFM UW Equity","HSY UN Equity","BF/B UN Equity","TAP UN Equity","ABC UN Equity","EW UN Equity","BAX UN Equity","EL UN Equity","PG UN Equity","KMB UN Equity","UNM UN Equity","XL UN Equity","MMC UN Equity","FMC UN Equity","PX UN Equity","SEE UN Equity","CMCSA UW Equity","TWX UN Equity","IPG UN Equity","ILMN UW Equity","MRK UN Equity","AGN UN Equity","EQR UN Equity","BXP UN Equity","CCI UN Equity","TSCO UW Equity","GME UN Equity","KMX UN Equity","SWKS UW Equity","MCHP UW Equity","INTC UW Equity","SYMC UW Equity","VRSN UW Equity","ATVI UW Equity","FFIV UW Equity","NTAP UW Equity","CSCO UW Equity","T UN Equity","VZ UN Equity","CTL UN Equity","R UN Equity","LUV UN Equity","UNP UN Equity","CNP UN Equity","TE UN Equity","AEP UN Equity"
"F UN Equity",1,0.875863573298582,0.862559021980234,0.857965409161555,0.837721017914826,0.844985252061692,0.841745653921388,0.863644909807958,0.847855290369976,0.846315630773596,0.852873540444662,0.844198815372216,0.856068240175077,0.855008955494595,0.856427195476592,0.854466517793632,0.841217416971243,0.850519605692254,0.857062954656826,0.851043356744195,0.841078320263373,0.84392462631648,0.851209284741096,0.833672242732148,0.84195175216397,0.850948475997436,0.857924061532592,0.829963558337275,0.842062238240766,0.846376741150555,0.839301869982816,0.827409504873909,0.852516081474219,0.859185769496396,0.839028596688613,0.861487123157414,0.846114401132917,0.8539816222146,0.835786561248082,0.85856832382847,0.876918917833437,0.857952783060883,0.845005784458014,0.873876029659416,0.852007315769661,0.853684232311366,0.823685834940544,0.845665909211489,0.826740425636342,0.821763469637472,0.853427789022301,0.847057747710849,0.849240383271309,0.856547339273006,0.854378909065861,0.849788345556237,0.836867667487114,0.834412911769691,0.856640136270183,0.849858683839461,0.840063297549601,0.850692839751496,0.843567349850225,0.839014289843131,0.838501121600444,0.842968818250575,0.858858103715219,0.843665696797083,0.864877733620483,0.836323802574669,0.840442124591915,0.823997294698767
"HOG UN Equity",0.875863573298582,1,0.863677795305074,0.859458373136455,0.861637628838058,0.859185262343335,0.864097580991749,0.896131804390921,0.869895616121478,0.865972247626741,0.872951217815196,0.862601513169131,0.867883942965649,0.880149258766204,0.881630597855017,0.86109892510471,0.858881900455042,0.856923084606327,0.856677982211151,0.852228373667357,0.869374532171307,0.86274310534797,0.856076066335739,0.85285282535324,0.85587028537839,0.865960565231262,0.870003323159419,0.854840238753587,0.85987553828206,0.898069807933953,0.886263180298069,0.848078834823636,0.860066474604261,0.866690851159328,0.858852277867681,0.883193651950223,0.869777199151649,0.858992137945537,0.872962204101565,0.876476378038794,0.870918133066032,0.873851028747912,0.868923475432321,0.860484806472264,0.857968493239317,0.856052491590181,0.864743046825096,0.864941312746016,0.84371740817291,0.841479408906553,0.860332876852458,0.869112146033562,0.8568508521177,0.866237631792488,0.860190660750987,0.861310783701533,0.849675572611391,0.853624568332028,0.872416906880135,0.865969756682264,0.867786138551681,0.86750611718184,0.860908918691306,0.858942122302227,0.857671946247567,0.864412666106,0.858673513726421,0.861907809628826,0.872766772615202,0.845972542149811,0.848466667047541,0.856218039578748
"JCI UN Equity",0.862559021980234,0.863677795305074,1,0.858987915677278,0.860253330353797,0.853324654866497,0.863998696511522,0.871927746715877,0.856717206253447,0.85346158927017,0.861264846517047,0.851136461490113,0.862650707052014,0.852663718972536,0.863095394492547,0.857819835592463,0.849679495020188,0.862924128827956,0.860724311235907,0.870195050197362,0.857645293382924,0.848931578264635,0.851082657408788,0.863403860903095,0.858020782250703,0.862069335588507,0.853481787325559,0.843308349512794,0.855370031244078,0.85008223528367,0.85466180135977,0.852726742926293,0.860759770724102,0.852237598944295,0.860934677068149,0.85679698986212,0.847823103391372,0.849314477684222,0.829157950339823,0.877472618483303,0.873639234148103,0.865024949291651,0.867889427906729,0.854867171618056,0.850151797359031,0.85805913788739,0.825805849981779,0.860152854816287,0.851468466901593,0.838408491222191,0.854213247587063,0.856950878762814,0.851517479258159,0.863071673113379,0.851153925646855,0.861293248169746,0.855822255160604,0.851178298157487,0.858590381970615,0.853761734941122,0.855705025293588,0.863345188388669,0.849743596258702,0.845928519669801,0.853704532399615,0.858922236728584,0.873096150121211,0.859696546259199,0.861657996503843,0.847766233484927,0.860573073735955,0.851666929997235
"CMA UN Equity",0.857965409161555,0.859458373136455,0.858987915677278,1,0.860728173921717,0.876010772419779,0.847456776907282,0.861173493823836,0.840906310069639,0.847770038688128,0.844594078934053,0.842585229097585,0.842078444017876,0.85841523929637,0.860187623741585,0.848504818197053,0.83468355171301,0.837158908410107,0.847184082783426,0.867112368980856,0.845369873610135,0.844601328461965,0.835467338254192,0.843970165688717,0.84568500895332,0.85639557084434,0.841576812642133,0.837828930629522,0.833359795418315,0.840859062977596,0.853072435429351,0.842229997567164,0.849714710725425,0.844038926469387,0.85914523009355,0.860718331431686,0.850141716595855,0.866093687675701,0.837783017307478,0.852871171491275,0.853034836979008,0.839907979565909,0.851512785005533,0.848493361301489,0.830362354604522,0.84590728519385,0.831819583786613,0.8397399882663,0.860894147523288,0.864163256276509,0.839281096769901,0.848226999714369,0.851070628596481,0.859406753035704,0.850750887664169,0.850811714679013,0.846939977339396,0.849587774470596,0.845534843996292,0.853565851285188,0.841707429567619,0.845361051612147,0.844227942867309,0.880190619001805,0.856130873413927,0.849721986195334,0.854527157510619,0.855810055667692,0.847889684716183,0.85639699233367,0.854716789839216,0.862314880384485
"ZION UW Equity",0.837721017914826,0.861637628838058,0.860253330353797,0.860728173921717,1,0.870448455204209,0.870712832513752,0.869779744148564,0.844209213463585,0.859563407299728,0.86001143017509,0.852488996451783,0.853142214854934,0.859462569426728,0.872996379912868,0.857760113932334,0.836198960547799,0.853548685960567,0.854728757714548,0.863155261975414,0.873097440591459,0.854407932474383,0.847580325042985,0.859271198153412,0.861594796937191,0.861328742203042,0.850998227520073,0.855984906175677,0.859696551577469,0.869073416750794,0.844719680997583,0.850417389195334,0.852755278792837,0.855823909235152,0.862349874531952,0.861569908730967,0.859906752326206,0.872099815763113,0.846548410428008,0.862979859570354,0.864258861965618,0.869716075064693,0.856801666572799,0.847356748070844,0.848020054049214,0.850990344284553,0.834227381852923,0.84427675947791,0.852514435735695,0.849070094733278,0.857600423898618,0.856528817218453,0.857143744488844,0.863574449395746,0.841519024246149,0.849481801055755,0.856244958783222,0.850590318779041,0.863519007176418,0.866521683961072,0.857362881691088,0.850236009006191,0.859162932315938,0.8518420550269,0.853030769025922,0.860722577388736,0.848135574951158,0.869221458187423,0.857357453408536,0.853090211278091,0.847332950876289,0.86391144847967
"PNC UN Equity",0.844985252061692,0.859185262343335,0.853324654866497,0.876010772419779,0.870448455204209,1,0.837937345394448,0.859360844763539,0.851497479735112,0.863361274626939,0.844316073506059,0.859784142571136,0.848395089404714,0.863560858149231,0.865339781548294,0.837127364758217,0.844057148520356,0.851598247428569,0.852905027703795,0.873650677520521,0.846606114006304,0.840602338270449,0.834919378109977,0.845545906788761,0.854327372671021,0.846644671225845,0.849358769787006,0.853944212046587,0.85932482578657,0.842382925944409,0.846329087359261,0.84783912471782,0.862617326122677,0.851346945512629,0.86472338262816,0.862412788965439,0.848457757229016,0.84160785085709,0.83327379634377,0.85550025250734,0.861876831190833,0.855156055925105,0.857352538418097,0.85718953681877,0.8424124555507,0.849406930673167,0.832794357212506,0.854567463963581,0.862976461825349,0.84593472280374,0.837528397116073,0.846148628776654,0.855921050050128,0.847836846195679,0.852082382306552,0.872265986184663,0.863732872227354,0.85725577872326,0.868980419902169,0.852339254669469,0.85411017455519,0.863322025464389,0.86588697366701,0.86956988248666,0.865055672186203,0.853839332668882,0.86144738199958,0.878371984736087,0.862839791265237,0.845513625733724,0.843565753163604,0.863237064235734
"AME UN Equity",0.841745653921388,0.864097580991749,0.863998696511522,0.847456776907282,0.870712832513752,0.837937345394448,1,0.87281807521727,0.852694252265809,0.873253005612502,0.864704252405597,0.848902380232049,0.86486098009975,0.864539363608554,0.862435157717508,0.874524023473413,0.854623558892561,0.865095498471909,0.856949205412602,0.841850938273034,0.860332480923596,0.865761728972603,0.865420043445867,0.867059144692026,0.856591579264596,0.859002396140984,0.861081264371621,0.846970714152436,0.855003396215711,0.869541315192983,0.857612939946972,0.850972065381708,0.854400486577793,0.85875755920975,0.84323985077937,0.861181187956582,0.851454403711646,0.846148958629005,0.842129387696812,0.867111661245715,0.878087638418843,0.878730874723987,0.852615807821189,0.855213835087933,0.845047225317183,0.845116956589552,0.830860015832787,0.852400367968337,0.843004431398221,0.839226313076917,0.862388047122329,0.870401187512206,0.844363030798474,0.87137779276891,0.839270234077413,0.853463130534529,0.848728871367598,0.849694195086844,0.858357164747657,0.864691368211046,0.872482254807918,0.860613608401803,0.860703584332816,0.832571217891228,0.834281025867488,0.86674406651351,0.859731277624309,0.851915848576018,0.856077783818405,0.8636052388863,0.858742468065736,0.860042440154744
"SWK UN Equity",0.863644909807958,0.896131804390921,0.871927746715877,0.861173493823836,0.869779744148564,0.859360844763539,0.87281807521727,1,0.867181829821566,0.869990199551423,0.872449841905152,0.860245206252317,0.875207887465351,0.871854978931829,0.883055573984884,0.869912405031329,0.847665032162798,0.86799099363856,0.859830543965015,0.862591779010228,0.870277828993156,0.869505531015941,0.856400195353288,0.851782361290599,0.859798776518738,0.876919176385669,0.864145978713291,0.857981092897971,0.859059091846426,0.881741857696933,0.86846003159112,0.843813867089162,0.86829493998727,0.866584920960291,0.85140531670092,0.871593243848949,0.870356495496839,0.864205225965669,0.861519364747693,0.885721310176312,0.876465790347332,0.876282909224227,0.867657778396824,0.861710013521879,0.856940616311302,0.873776080964533,0.84727828694115,0.860796991924753,0.846002266944182,0.842865414657608,0.86593129206947,0.869165038064676,0.864187308572136,0.871831775216363,0.862500982232644,0.864345850594405,0.846621029499259,0.864077169549128,0.873609502350984,0.867167042021101,0.874736106767329,0.873886387182241,0.864401313300338,0.859654738020187,0.850899595137554,0.861437496401318,0.857202925410982,0.865067964539451,0.874232735918057,0.856476063749496,0.856772026008155,0.850400629813704
"PWR UN Equity",0.847855290369976,0.869895616121478,0.856717206253447,0.840906310069639,0.844209213463585,0.851497479735112,0.852694252265809,0.867181829821566,1,0.863502907830911,0.859194086693083,0.866479567572345,0.853902570734921,0.859183014151187,0.867031005010921,0.858124095506384,0.844834787413096,0.854687238803898,0.857571390122002,0.851281023701429,0.851419809777511,0.856624726552534,0.830219994878927,0.839831160906804,0.849645131576817,0.85749971916284,0.845722812803758,0.856461542533112,0.859662177465325,0.850536993568594,0.862008594264835,0.860677828094827,0.856436924834174,0.854865173771494,0.859395039187126,0.857824390184008,0.855975993342681,0.837661862941857,0.839189301579004,0.862739263832126,0.866020418434883,0.866012153849137,0.862214774708615,0.852841902527029,0.845779031144647,0.859247687387558,0.840195468864832,0.843632468922024,0.85064023957895,0.851007006573693,0.85845031831238,0.859452287694337,0.843256093318149,0.854148045201851,0.852601391239664,0.86273816119819,0.85660661058997,0.850508832336167,0.861971546286744,0.849765018679772,0.861080637861657,0.861739947819791,0.869004727339571,0.854437433219428,0.852462277434508,0.853359356173823,0.854461560321913,0.867441193299018,0.855385861223333,0.857094863052266,0.857504678592001,0.84542689144411
"RSG UN Equity",0.846315630773596,0.865972247626741,0.85346158927017,0.847770038688128,0.859563407299728,0.863361274626939,0.873253005612502,0.869990199551423,0.863502907830911,1,0.868543900390997,0.860587973301242,0.846693543199487,0.863728633067907,0.856379724444212,0.858831530392366,0.849416346328407,0.856719496202846,0.857112454686134,0.847369810982914,0.86061507318677,0.855713394855046,0.839018635240002,0.855125392634909,0.864879626222484,0.857112568483089,0.867264192347716,0.854191518655114,0.86702153782727,0.863940157012165,0.858496795192672,0.860962444451557,0.856274094513392,0.856208822600405,0.856490824840972,0.86357063669253,0.862674818501983,0.859112626613621,0.842451068125232,0.872407994849785,0.8594831282767,0.861584665170325,0.85728654307095,0.863761987355897,0.843510162665565,0.852331403352449,0.856994570985111,0.841871122760837,0.854283924638609,0.853719526644947,0.854750984015114,0.857387081678185,0.863156015699263,0.858100953244249,0.836716350875266,0.854202781607284,0.85958761005057,0.854754528695233,0.871125732988353,0.873569638655434,0.860761270866742,0.860205128388511,0.867631876897744,0.84582912614597,0.841573076127343,0.858945646809169,0.85982405277645,0.851786783505053,0.859899301811423,0.856666231921532,0.853698485835306,0.854308644432119
"WM UN Equity",0.852873540444662,0.872951217815196,0.861264846517047,0.844594078934053,0.86001143017509,0.844316073506059,0.864704252405597,0.872449841905152,0.859194086693083,0.868543900390997,1,0.862479052464937,0.85987866415303,0.8646191904458,0.863278311887594,0.853493505902825,0.85046533296549,0.838188404903039,0.853836613682918,0.85450476537492,0.860420541245304,0.852497720734526,0.83483544663219,0.852577182877277,0.861312265139638,0.861227517703467,0.85295236283006,0.858507324713269,0.852556537354857,0.856002714298599,0.851505508217155,0.848856457913944,0.848406985960881,0.859800938618823,0.838317041237976,0.874543050877116,0.855087620623177,0.857176326321225,0.843492944652974,0.851728109199466,0.871835036760217,0.867014333333067,0.87025960258392,0.867173308889715,0.846268164040344,0.850996445485838,0.825370627805892,0.849734163468188,0.849016857425165,0.838554720889351,0.863093675459834,0.853072389570405,0.841775284583577,0.854510811544528,0.85595488605846,0.855568539428102,0.851063929600552,0.844649847503625,0.862066168413095,0.852959726033073,0.860022998912411,0.86232433613519,0.862722310672654,0.848975354329455,0.846219897532485,0.860243758158228,0.852800226304601,0.850263662734543,0.847830700454467,0.851931177878831,0.843546769115971,0.851522334253524
"CTAS UW Equity",0.844198815372216,0.862601513169131,0.851136461490113,0.842585229097585,0.852488996451783,0.859784142571136,0.848902380232049,0.860245206252317,0.866479567572345,0.860587973301242,0.862479052464937,1,0.858741995225193,0.88301261152657,0.865167831432577,0.850199417668406,0.85010840735669,0.864651237324033,0.861530541275195,0.854612549451291,0.869549102608234,0.845845654669923,0.831027137955158,0.853874092608111,0.869190272068263,0.854828111585122,0.848346875028477,0.858071229475864,0.850204923748318,0.852808722371876,0.862518131653215,0.859193014393339,0.855775668132421,0.858650935977186,0.853344301984182,0.878215864964788,0.849143277971643,0.857295491824836,0.832235594033381,0.85850236630369,0.857112481564218,0.859878420350711,0.858173399225913,0.853064099631467,0.856669024528619,0.855414669616799,0.844313956429265,0.859512613155921,0.839270788315375,0.827370438555451,0.855973282720438,0.858326120967429,0.8473149638522,0.863089301755755,0.861225990640277,0.86136975851857,0.868548778619563,0.849400496811194,0.86294839698982,0.870257697843594,0.866243944001239,0.86992027002501,0.874605660229729,0.858396451635849,0.842703142606108,0.850730031847731,0.856533611386839,0.866804358571045,0.843930076290357,0.859138774686246,0.844839055167107,0.850843198728001
"HAR UN Equity",0.856068240175077,0.867883942965649,0.862650707052014,0.842078444017876,0.853142214854934,0.848395089404714,0.86486098009975,0.875207887465351,0.853902570734921,0.846693543199487,0.85987866415303,0.858741995225193,1,0.865160441785666,0.866770187554839,0.866492888269242,0.860778150128604,0.861498077746537,0.852963571443909,0.855632106392783,0.863465587655215,0.856627152729078,0.842445479461436,0.849391972050904,0.855175862741222,0.866004378742887,0.857624785025795,0.838576414513301,0.852657447183075,0.865695654324823,0.862092460211261,0.83947892697951,0.85809574386441,0.875706605727654,0.858605504684656,0.869830867248296,0.855465899858988,0.857338277620047,0.868129443026529,0.863063061448308,0.858589477178726,0.871201098090809,0.853068889517437,0.846770490818331,0.857510188297975,0.858937802525407,0.841170887780407,0.858957716538155,0.837174491322883,0.832670305624845,0.859993846784472,0.847927559668004,0.851241962097614,0.855870769703888,0.857379712429653,0.843658907030659,0.836391408094462,0.855805785103518,0.863616471014282,0.85573135895374,0.868200496893585,0.861150404982021,0.845538984536927,0.830532056154965,0.837555281386803,0.85547287974648,0.862643997909767,0.848297446556605,0.862607222829404,0.841301604589668,0.838577174470146,0.851930817589119
"LEG UN Equity",0.855008955494595,0.880149258766204,0.852663718972536,0.85841523929637,0.859462569426728,0.863560858149231,0.864539363608554,0.871854978931829,0.859183014151187,0.863728633067907,0.8646191904458,0.88301261152657,0.865160441785666,1,0.871932528814621,0.852001786310477,0.857503761011499,0.850337274765472,0.867854678105895,0.855278689605361,0.874179001256037,0.855602695029394,0.839494018189493,0.858532159786167,0.86765720125828,0.860927638369843,0.858594089461686,0.847572003600533,0.860914231622082,0.876584555733333,0.880917100560107,0.862601441598505,0.864183867389315,0.859624298269084,0.851266242541733,0.877755465894372,0.870101437559846,0.852146991074782,0.865923725091052,0.873454233983973,0.867721952336437,0.874247218834055,0.867877395268297,0.865445311715431,0.852792189181883,0.849774182641253,0.862846135308093,0.870503417347118,0.843673018792611,0.842697396070337,0.857655929567718,0.868468413985265,0.855232872267108,0.876900124246564,0.852220191371537,0.862838143579656,0.867218134690628,0.869765055710703,0.873226539195945,0.871537023344106,0.871421962315291,0.866387691734334,0.873232553311633,0.84796532908633,0.84730037352406,0.863843453891546,0.878091189557894,0.865367658698695,0.868946497053074,0.861560495303721,0.83808572900174,0.845373262716321
"MHK UN Equity",0.856427195476592,0.881630597855017,0.863095394492547,0.860187623741585,0.872996379912868,0.865339781548294,0.862435157717508,0.883055573984884,0.867031005010921,0.856379724444212,0.863278311887594,0.865167831432577,0.866770187554839,0.871932528814621,1,0.852995880602695,0.847600111128783,0.862280927136932,0.869490467444858,0.872072477568703,0.87419599329008,0.846449254674117,0.852347233201434,0.853765690975495,0.868272188539624,0.855873954648956,0.851696557835357,0.857783210795459,0.847746636106964,0.865605393445025,0.873230713519115,0.858420818983771,0.85220708754204,0.859092278915839,0.848295426379038,0.865403017148997,0.874374067740394,0.873986259324928,0.863308321189702,0.868951734285033,0.864677914052796,0.863686029359929,0.856413313909108,0.850808357167936,0.850017610801537,0.856657037135227,0.841574774043105,0.85604159135794,0.853749232810286,0.838729539056184,0.850321609779418,0.865165663659723,0.863237317027746,0.859397140201682,0.854866433666656,0.86078584721501,0.861964679877974,0.876271776011301,0.880703130236322,0.869918762675962,0.868877534199903,0.859931583413725,0.865038644818395,0.856071540722181,0.854787092771774,0.855110329923116,0.853042174505973,0.866811341202767,0.855426583535757,0.858127723785303,0.858541912874107,0.854241546966472
"YUM UN Equity",0.854466517793632,0.86109892510471,0.857819835592463,0.848504818197053,0.857760113932334,0.837127364758217,0.874524023473413,0.869912405031329,0.858124095506384,0.858831530392366,0.853493505902825,0.850199417668406,0.866492888269242,0.852001786310477,0.852995880602695,1,0.852480747080242,0.856540025468642,0.853942397487094,0.848340719370348,0.840084987650531,0.858931007754801,0.86100549562506,0.845244443322356,0.867786362750275,0.869384065602825,0.860232893095037,0.846619489604898,0.850545500427945,0.866990219182168,0.856832928449084,0.84691052577949,0.843979429147071,0.865771577499008,0.857602008523432,0.868262592721185,0.850128717645834,0.850438916551999,0.831478886672628,0.863990123684225,0.873209588229732,0.860077935747611,0.858125800315569,0.853852936536871,0.850209408666991,0.859811147348572,0.830386608712674,0.848998336602857,0.853458062282576,0.84664978313903,0.865403425110542,0.854451330705983,0.862710709466254,0.863802240641939,0.842890822800559,0.857657872677588,0.856835751891579,0.8399169662538,0.863555492952001,0.867734013435795,0.864716167926148,0.864149619361911,0.850320801006046,0.848140629988927,0.85316859313943,0.856664634106559,0.85758824128398,0.850875530184959,0.86085383393063,0.844299813927911,0.855970716966202,0.846736072282379
"RCL UN Equity",0.841217416971243,0.858881900455042,0.849679495020188,0.83468355171301,0.836198960547799,0.844057148520356,0.854623558892561,0.847665032162798,0.844834787413096,0.849416346328407,0.85046533296549,0.85010840735669,0.860778150128604,0.857503761011499,0.847600111128783,0.852480747080242,1,0.844127114761405,0.844839436139458,0.831810362682212,0.843253958257458,0.841071356590648,0.836303872216551,0.840931105084418,0.849134746236084,0.845387924189548,0.843611495445498,0.83595730148258,0.840498050646004,0.844415342428793,0.844303176173788,0.83520439395311,0.855072978105615,0.858950608666357,0.838116615377965,0.84706359624421,0.840228813854834,0.842427075884354,0.832938264926238,0.858223914424517,0.841378794446486,0.839482180242824,0.862043729694226,0.850907162573754,0.853407788109767,0.855846353824433,0.834664773998457,0.850301551968167,0.843633110364491,0.837564812123154,0.854334335432968,0.849508949515267,0.844188054897137,0.853734537735132,0.852323408349549,0.850420384678984,0.848708110941071,0.855939145808146,0.860302923270014,0.846970364817891,0.855243942477701,0.872742387324891,0.852190117669802,0.853805501729419,0.855458918106306,0.857165636736257,0.849605361146093,0.847521851206446,0.843723261347738,0.845393788665892,0.84819117862064,0.837159164643551
"MCD UN Equity",0.850519605692254,0.856923084606327,0.862924128827956,0.837158908410107,0.853548685960567,0.851598247428569,0.865095498471909,0.86799099363856,0.854687238803898,0.856719496202846,0.838188404903039,0.864651237324033,0.861498077746537,0.850337274765472,0.862280927136932,0.856540025468642,0.844127114761405,1,0.848041528950841,0.851354799978475,0.856359814347268,0.840856081025972,0.846863720183327,0.842951917984999,0.850140314420939,0.851094717968958,0.84719714542451,0.852673600416,0.855953495036666,0.853970716683493,0.856900640358966,0.846655156345767,0.854069387977705,0.858784545316428,0.860541482777286,0.863765532423036,0.848085602123317,0.83964443215859,0.832348360650528,0.858403476019866,0.859085931424444,0.849815320836144,0.844140125374725,0.867436193129722,0.84673917404882,0.846758705210093,0.82130173389367,0.836176054528086,0.85291721737943,0.841638595103551,0.838453972124308,0.846862873628709,0.842593949697185,0.843310708619071,0.843098467901749,0.846975144306662,0.849832315744458,0.84657078373881,0.847975364834076,0.85574281905335,0.865202478451982,0.851138998494691,0.859416372540023,0.841201894642865,0.836188402126456,0.850190364460357,0.855409276193955,0.857735270060666,0.846090753104647,0.843874353365605,0.847339280186487,0.848722253789343
"GS UN Equity",0.857062954656826,0.856677982211151,0.860724311235907,0.847184082783426,0.854728757714548,0.852905027703795,0.856949205412602,0.859830543965015,0.857571390122002,0.857112454686134,0.853836613682918,0.861530541275195,0.852963571443909,0.867854678105895,0.869490467444858,0.853942397487094,0.844839436139458,0.848041528950841,1,0.871794027937074,0.852990257996325,0.862663419122418,0.844611638902767,0.856290151872443,0.862563847570164,0.849498411875504,0.843790870612478,0.83865824307571,0.856365981696834,0.847739199612965,0.853663723979665,0.835508023552302,0.84523479204575,0.84753022577305,0.845555535517723,0.866607253452439,0.827052508779589,0.835702625451927,0.822584733728988,0.869509168033758,0.870507440824239,0.851672255309516,0.852254431570659,0.864392406350368,0.843607459943164,0.854721179212921,0.814599227046234,0.841865840418704,0.837993282499682,0.838087299830225,0.854793443891531,0.851440030260888,0.843078949419493,0.86422379726083,0.862405114697918,0.847146540579578,0.850604333376016,0.850209174145639,0.856810093338529,0.854993370673681,0.855503346300592,0.857127391478351,0.856011673763634,0.840836136452753,0.8376796244711,0.84667245176556,0.860261437130817,0.859140407424125,0.850842919277868,0.859208212780521,0.857878364794457,0.844618968222518
"NTRS UW Equity",0.851043356744195,0.852228373667357,0.870195050197362,0.867112368980856,0.863155261975414,0.873650677520521,0.841850938273034,0.862591779010228,0.851281023701429,0.847369810982914,0.85450476537492,0.854612549451291,0.855632106392783,0.855278689605361,0.872072477568703,0.848340719370348,0.831810362682212,0.851354799978475,0.871794027937074,1,0.850543865787338,0.851774494590743,0.841114913085484,0.855369159777565,0.840399799111789,0.854917229253345,0.850590283140943,0.848539615306591,0.852833616418979,0.844625586126494,0.844999680811499,0.84315004593594,0.856846963302924,0.855376966796506,0.857189273966965,0.860859363200216,0.84450210475401,0.851156702608087,0.828218689527171,0.852243663621624,0.86206658097238,0.861438904832303,0.846707274869054,0.858455752271065,0.833014830961248,0.845946225718882,0.822197733725205,0.852563611299173,0.854516113265464,0.83760875941792,0.843623460682826,0.85321526321954,0.853805313429614,0.85353158525662,0.834708070798325,0.843281983250848,0.842072799735077,0.854341856078609,0.846842899484692,0.846511691738499,0.851720655512351,0.850086180097524,0.84920459946492,0.844632286716374,0.854221847404738,0.842932841519387,0.858599229825541,0.869499358722674,0.859467333527147,0.844007670381589,0.847574183365894,0.853126709098498
"BLK UN Equity",0.841078320263373,0.869374532171307,0.857645293382924,0.845369873610135,0.873097440591459,0.846606114006304,0.860332480923596,0.870277828993156,0.851419809777511,0.86061507318677,0.860420541245304,0.869549102608234,0.863465587655215,0.874179001256037,0.87419599329008,0.840084987650531,0.843253958257458,0.856359814347268,0.852990257996325,0.850543865787338,1,0.847100344109825,0.840750869577582,0.842824204525472,0.861013754628289,0.857040959684046,0.861610221835625,0.842906723615495,0.865484464854846,0.859915224257472,0.859797330172315,0.849481491596597,0.856623348086624,0.846139900939702,0.857909303553952,0.863600754292399,0.859599353652535,0.867138107179178,0.848123292194318,0.852839694417648,0.862453622777824,0.857942576506843,0.848605042634955,0.864725647889525,0.842028239867422,0.863092796872767,0.842528291914468,0.853939533716615,0.858728171509774,0.852797733603689,0.858708811623976,0.863482653597407,0.857257331240998,0.870647471236332,0.860782346257595,0.863193103539692,0.851908705107233,0.840090211913579,0.86339290426338,0.868561554125199,0.870476800951266,0.868896466313572,0.851077209950536,0.845074723378477,0.853527350119971,0.866359204635534,0.852820753778838,0.856937784319051,0.851648963553296,0.853058191559245,0.84343273319797,0.859686482733311
"TSO UN Equity",0.84392462631648,0.86274310534797,0.848931578264635,0.844601328461965,0.854407932474383,0.840602338270449,0.865761728972603,0.869505531015941,0.856624726552534,0.855713394855046,0.852497720734526,0.845845654669923,0.856627152729078,0.855602695029394,0.846449254674117,0.858931007754801,0.841071356590648,0.840856081025972,0.862663419122418,0.851774494590743,0.847100344109825,1,0.882485304799976,0.869861011534232,0.851153854861501,0.857746868091606,0.856610439658277,0.832336899685615,0.85237475967487,0.845114389266088,0.839531518538948,0.833737559148082,0.855733117659558,0.846279969254571,0.846055503383797,0.854885973313496,0.839704464089841,0.841911993716508,0.826402621556189,0.855855982983145,0.863192128204297,0.851024119278519,0.850379272365263,0.853240659208958,0.836909094628749,0.84713982045719,0.818604939065893,0.836765731990184,0.842250209031658,0.849492082007171,0.856780902727976,0.844483546929283,0.861233838250334,0.851836709565218,0.836829151799601,0.842604996625758,0.827359080763415,0.84263890749652,0.853414169255963,0.846717275293299,0.854780730140991,0.861507508860379,0.853146356075931,0.841855467242702,0.836963880922135,0.850088049947766,0.845802161123255,0.845879949260647,0.864485794431739,0.862426117397336,0.848182511567196,0.848194197976517
"APC UN Equity",0.851209284741096,0.856076066335739,0.851082657408788,0.835467338254192,0.847580325042985,0.834919378109977,0.865420043445867,0.856400195353288,0.830219994878927,0.839018635240002,0.83483544663219,0.831027137955158,0.842445479461436,0.839494018189493,0.852347233201434,0.86100549562506,0.836303872216551,0.846863720183327,0.844611638902767,0.841114913085484,0.840750869577582,0.882485304799976,1,0.876533134898812,0.854499139566301,0.848367140357901,0.845853274179016,0.825333327440088,0.840370920573974,0.845592673355127,0.836765419732648,0.827367901987135,0.84021369389415,0.846929029989585,0.830395063574291,0.839084162655055,0.819792976144085,0.823027036515759,0.813996998018051,0.862601188117563,0.866525011858565,0.844806682125041,0.831147320845943,0.839269830635572,0.82280117932822,0.848826457942805,0.815814789673925,0.832710125911956,0.843757079068458,0.841358846084192,0.836541901291124,0.849097375854371,0.837715764898864,0.843057878492159,0.835377509131622,0.83919186512177,0.826273471634973,0.851155749616541,0.834538011605037,0.83448068482934,0.832975561085821,0.836892465180139,0.833127342401593,0.825666969174302,0.832316591396824,0.842657172645469,0.847027871708695,0.835326508217232,0.869942533210072,0.842270553127149,0.850045613079361,0.851251658564845
"WMB UN Equity",0.833672242732148,0.85285282535324,0.863403860903095,0.843970165688717,0.859271198153412,0.845545906788761,0.867059144692026,0.851782361290599,0.839831160906804,0.855125392634909,0.852577182877277,0.853874092608111,0.849391972050904,0.858532159786167,0.853765690975495,0.845244443322356,0.840931105084418,0.842951917984999,0.856290151872443,0.855369159777565,0.842824204525472,0.869861011534232,0.876533134898812,1,0.854647575524549,0.854706714169084,0.836110960812606,0.844657262642391,0.842069925556884,0.858803841298507,0.862697750506433,0.848283508848257,0.846469003395729,0.847749028210524,0.843413458974514,0.848780915920967,0.851252500895601,0.836507870896324,0.833209241947166,0.86061128131929,0.859853635522577,0.860292171956676,0.846405287903319,0.844738157277298,0.831308589855372,0.841863795529883,0.822992680770891,0.8418892731601,0.852750014293268,0.851223711579828,0.835140444006289,0.84395003005737,0.854504857629637,0.860212518002374,0.826286959167107,0.835911744950251,0.837158238755762,0.848764512056387,0.858400196216479,0.847550892772514,0.851937483229424,0.861938299952533,0.837768094709975,0.834442730071792,0.840155402571199,0.853403535849163,0.849239434453865,0.845219854554068,0.872100628503313,0.856309564073499,0.855354425814121,0.863592394486154
"CVS UN Equity",0.84195175216397,0.85587028537839,0.858020782250703,0.84568500895332,0.861594796937191,0.854327372671021,0.856591579264596,0.859798776518738,0.849645131576817,0.864879626222484,0.861312265139638,0.869190272068263,0.855175862741222,0.86765720125828,0.868272188539624,0.867786362750275,0.849134746236084,0.850140314420939,0.862563847570164,0.840399799111789,0.861013754628289,0.851153854861501,0.854499139566301,0.854647575524549,1,0.861730519370364,0.872452738579634,0.855054452983922,0.847670711521379,0.862245921017835,0.862079082176725,0.841503719721478,0.847739293462353,0.855454557170241,0.8576002329946,0.872154321076517,0.851453489064121,0.841600384126354,0.844731420392265,0.866001029055931,0.859352773069485,0.855383586615963,0.868070186748635,0.860550893226151,0.843426485778731,0.869950406942142,0.840226723183896,0.846934362263803,0.842597176254687,0.844532343222232,0.868865075991609,0.857936533404999,0.857748568473339,0.856531495888365,0.847540078082143,0.860119580232807,0.858007536248961,0.84840710404379,0.855862127586343,0.8491083235018,0.864322789743104,0.871070759161298,0.858128785375997,0.844802720775671,0.844739457459599,0.854871300726608,0.860596300587519,0.857871113657016,0.860662555926265,0.856392853669055,0.849490499940771,0.861893021911371
"COST UW Equity",0.850948475997436,0.865960565231262,0.862069335588507,0.85639557084434,0.861328742203042,0.846644671225845,0.859002396140984,0.876919176385669,0.85749971916284,0.857112568483089,0.861227517703467,0.854828111585122,0.866004378742887,0.860927638369843,0.855873954648956,0.869384065602825,0.845387924189548,0.851094717968958,0.849498411875504,0.854917229253345,0.857040959684046,0.857746868091606,0.848367140357901,0.854706714169084,0.861730519370364,1,0.85736115297623,0.843340499723083,0.834153476078277,0.874393718899071,0.851510562655738,0.848073778222778,0.849922956015844,0.868906021171064,0.856874055182228,0.85965279409589,0.86051247564941,0.850409813361852,0.828799295976061,0.85870787844339,0.858895620223122,0.8763943442143,0.868810595289762,0.851125594804238,0.849314357381517,0.855465212825402,0.826409293139322,0.839449028378285,0.856169390923548,0.846564956953722,0.85544738020957,0.848607899125409,0.860711575843759,0.855658077652886,0.848479005357486,0.855119014376134,0.861826107582763,0.854651560381486,0.861913213157243,0.84651616891868,0.854436937360919,0.866295506151567,0.847642199971596,0.850279390527482,0.844393347842323,0.846208158877152,0.843747315196196,0.853244713649173,0.863580575912503,0.849211223634421,0.845401274867973,0.85251390634089
"WFM UW Equity",0.857924061532592,0.870003323159419,0.853481787325559,0.841576812642133,0.850998227520073,0.849358769787006,0.861081264371621,0.864145978713291,0.845722812803758,0.867264192347716,0.85295236283006,0.848346875028477,0.857624785025795,0.858594089461686,0.851696557835357,0.860232893095037,0.843611495445498,0.84719714542451,0.843790870612478,0.850590283140943,0.861610221835625,0.856610439658277,0.845853274179016,0.836110960812606,0.872452738579634,0.85736115297623,1,0.855500103142321,0.859483577788708,0.847299192191091,0.848767792058302,0.848827562278113,0.880787868984712,0.857706879467828,0.864342695719691,0.86019224393885,0.859601469439765,0.861312143839171,0.856178379309744,0.854925715763546,0.857882764470632,0.86964071494288,0.8624747128737,0.857056506407074,0.837429416441996,0.854179769131824,0.847113279491813,0.849499798260834,0.846871535890715,0.841898058345368,0.869683222688075,0.867619284476831,0.862458356190404,0.849464653959822,0.838042262011995,0.862551138305665,0.857058767847878,0.844348535837658,0.854370017830335,0.852433598950909,0.872838711406461,0.877348451152528,0.853961469640327,0.834727511932223,0.828165037098987,0.867764738747784,0.846557537213873,0.852475824600261,0.849059170264299,0.832211903302951,0.844037011589036,0.851818907416178
"HSY UN Equity",0.829963558337275,0.854840238753587,0.843308349512794,0.837828930629522,0.855984906175677,0.853944212046587,0.846970714152436,0.857981092897971,0.856461542533112,0.854191518655114,0.858507324713269,0.858071229475864,0.838576414513301,0.847572003600533,0.857783210795459,0.846619489604898,0.83595730148258,0.852673600416,0.83865824307571,0.848539615306591,0.842906723615495,0.832336899685615,0.825333327440088,0.844657262642391,0.855054452983922,0.843340499723083,0.855500103142321,1,0.851356420918162,0.84721590352496,0.856582492645046,0.86656533782769,0.851505929571766,0.846253327576645,0.852971424996921,0.865775016267714,0.840872172272072,0.850320120169859,0.827310058985006,0.85535410610362,0.852797403261925,0.847116803517106,0.849151011994801,0.836625211724737,0.829241317712409,0.841228285021133,0.832176455102727,0.844711799536068,0.835190567351276,0.839548199004335,0.840417461587085,0.85251855629696,0.844564008357087,0.846598475815956,0.831997153482208,0.854576820090748,0.849669847062332,0.844157406542164,0.861461555227396,0.864000629811366,0.85432110167465,0.856574261762005,0.856022029168957,0.849421079518723,0.856652182618161,0.841968668998496,0.831481403609578,0.854313619901139,0.850580671150781,0.841303831076937,0.846250650205446,0.837486271265724
"BF/B UN Equity",0.842062238240766,0.85987553828206,0.855370031244078,0.833359795418315,0.859696551577469,0.85932482578657,0.855003396215711,0.859059091846426,0.859662177465325,0.86702153782727,0.852556537354857,0.850204923748318,0.852657447183075,0.860914231622082,0.847746636106964,0.850545500427945,0.840498050646004,0.855953495036666,0.856365981696834,0.852833616418979,0.865484464854846,0.85237475967487,0.840370920573974,0.842069925556884,0.847670711521379,0.834153476078277,0.859483577788708,0.851356420918162,1,0.85099346992815,0.860172437290004,0.856524602588834,0.86182811196959,0.851601179010597,0.857192567817839,0.857256712331444,0.850814076336024,0.850536036950908,0.836424925193495,0.856450629019009,0.865050018302126,0.868537628212826,0.847174715072617,0.867386684530224,0.84234512102078,0.852103295675791,0.857406650568532,0.856045516496733,0.85949028867553,0.842550057285205,0.848989152257952,0.851189374162567,0.845956720507165,0.85072863130327,0.837586589619317,0.852236381848864,0.851455242692418,0.838508862945542,0.844782905679938,0.863031872713079,0.845510226023002,0.839970190701385,0.86026679039635,0.838846635542283,0.84203210996492,0.852534307954725,0.848185336304824,0.858375157307951,0.859526031461278,0.860142425537898,0.845684668498402,0.835522823719761
"TAP UN Equity",0.846376741150555,0.898069807933953,0.85008223528367,0.840859062977596,0.869073416750794,0.842382925944409,0.869541315192983,0.881741857696933,0.850536993568594,0.863940157012165,0.856002714298599,0.852808722371876,0.865695654324823,0.876584555733333,0.865605393445025,0.866990219182168,0.844415342428793,0.853970716683493,0.847739199612965,0.844625586126494,0.859915224257472,0.845114389266088,0.845592673355127,0.858803841298507,0.862245921017835,0.874393718899071,0.847299192191091,0.84721590352496,0.85099346992815,1,0.866343029027885,0.848171352417938,0.855572086468053,0.887818052159159,0.856372910934616,0.873074631506474,0.868881492694576,0.862115747261743,0.883912757961602,0.8681970533911,0.862714916513157,0.870182067020033,0.862588568809149,0.854682701532958,0.861693135890692,0.863582825824355,0.879565502167199,0.851405886603731,0.839813783668458,0.841554072859038,0.861575663970534,0.860818878894745,0.847152374060386,0.860344780475948,0.840923435298984,0.84166115616235,0.843509082565034,0.856958910666731,0.866942762244329,0.860913989424243,0.858496312513733,0.855023846639775,0.847626116641604,0.843710363128173,0.851070139310781,0.853404126398646,0.867887847083949,0.847269966263368,0.874417114535798,0.844174369101327,0.846517593977323,0.851973517009734
